11 26         # first data record, number of data records
NO2 QY's
TABLE 4-13 JPL06-4
Doug Kinnison

------------------------------------------------
lambda     quantum yields
 (nm)		
nm  298K  248K 
------------------------------------------------
300 1.00 1.00 
350 1.00 1.00
398 1.00 1.00
399 0.95 0.94 
400 0.88 0.86 
401 0.75 0.69 
402 0.62 0.56 
403 0.53 0.44 
404 0.44 0.34 
405 0.37 0.28 
406 0.30 0.22 
407 0.26 0.18 
408 0.22 0.14 
409 0.18 0.12 
410 0.15 0.10 
411 0.13 0.08 
412 0.11 0.07 
413 0.09 0.06 
414 0.08 0.04 
415 0.06 0.03 
416 0.05 0.02 
417 0.04 0.02 
418 0.03 0.02 
419 0.02 0.01 
420 0.02 0.01 
422 0.01 0.01 

