11 1853         # first data record, number of data records
                Created by Douglas E. Kinnison, 2/19/2018
Reference:  Eden (2009).
           
CHCl3 (CCl2=CCl2) + hv -> Products

------------------------------------------------
lambda     sigma (cm^2)  
 (nm)		
------------------------------------------------
115.0    6.643028e-17
115.1    6.522067e-17
115.2    6.358299e-17
115.3    6.151708e-17
115.4    5.958962e-17
115.5    5.818960e-17
115.6    5.623917e-17
115.7    5.656036e-17
115.8    5.870246e-17
115.9    6.122266e-17
116.0    6.345240e-17
116.1    6.390159e-17
116.2    6.342985e-17
116.3    6.391658e-17
116.4    6.424613e-17
116.5    6.413816e-17
116.6    6.312674e-17
116.7    6.170889e-17
116.8    5.999661e-17
116.9    5.806710e-17
117.0    5.663237e-17
117.1    5.470702e-17
117.2    5.364860e-17
117.3    5.252308e-17
117.4    5.131097e-17
117.5    5.012854e-17
117.6    4.982997e-17
117.7    4.982147e-17
117.8    5.027877e-17
117.9    5.113930e-17
118.0    5.202565e-17
118.1    5.369821e-17
118.2    5.599180e-17
118.3    5.925676e-17
118.4    6.250204e-17
118.5    6.662428e-17
118.6    7.061922e-17
118.7    7.520348e-17
118.8    8.104713e-17
118.9    8.721271e-17
119.0    9.425092e-17
119.1    1.015701e-16
119.2    1.078717e-16
119.3    1.128148e-16
119.4    1.145022e-16
119.5    1.119127e-16
119.6    1.074233e-16
119.7    1.021117e-16
119.8    9.587285e-17
119.9    8.890781e-17
120.0    8.168650e-17
120.1    7.544279e-17
120.2    6.939063e-17
120.3    6.408756e-17
120.4    5.964560e-17
120.5    5.660792e-17
120.6    5.321833e-17
120.7    5.059947e-17
120.8    4.883447e-17
120.9    4.760988e-17
121.0    4.677387e-17
121.1    4.615801e-17
121.2    4.522885e-17
121.3    4.465330e-17
121.4    4.463533e-17
121.5    4.452083e-17
121.6    4.486106e-17
121.7    4.481200e-17
121.8    4.490261e-17
121.9    4.464095e-17
122.0    4.604626e-17
122.1    4.799685e-17
122.2    5.015949e-17
122.3    5.146624e-17
122.4    5.315321e-17
122.5    5.450017e-17
122.6    5.511705e-17
122.7    5.604105e-17
122.8    5.718890e-17
122.9    5.826343e-17
123.0    5.863157e-17
123.1    5.912546e-17
123.2    5.939375e-17
123.3    5.966493e-17
123.4    6.017754e-17
123.5    6.038082e-17
123.6    6.010439e-17
123.7    5.987764e-17
123.8    5.971563e-17
123.9    6.015640e-17
124.0    6.133715e-17
124.1    6.249785e-17
124.2    6.390016e-17
124.3    6.576970e-17
124.4    6.715059e-17
124.5    6.870691e-17
124.6    7.002328e-17
124.7    7.168019e-17
124.8    7.251422e-17
124.9    7.286516e-17
125.0    7.342214e-17
125.1    7.424805e-17
125.2    7.454902e-17
125.3    7.491899e-17
125.4    7.557165e-17
125.5    7.642902e-17
125.6    7.838448e-17
125.7    7.929666e-17
125.8    8.068740e-17
125.9    8.242426e-17
126.0    8.454746e-17
126.1    8.636246e-17
126.2    8.918549e-17
126.3    9.252922e-17
126.4    9.581471e-17
126.5    9.849481e-17
126.6    1.010308e-16
126.7    1.025433e-16
126.8    1.029659e-16
126.9    1.031836e-16
127.0    1.030594e-16
127.1    1.038092e-16
127.2    1.046304e-16
127.3    1.055181e-16
127.4    1.050779e-16
127.5    1.043521e-16
127.6    1.036182e-16
127.7    1.011149e-16
127.8    9.732945e-17
127.9    9.466154e-17
128.0    9.220543e-17
128.1    8.971901e-17
128.2    8.684484e-17
128.3    8.430281e-17
128.4    8.234606e-17
128.5    8.057569e-17
128.6    7.871906e-17
128.7    7.757585e-17
128.8    7.735212e-17
128.9    7.693774e-17
129.0    7.651530e-17
129.1    7.578574e-17
129.2    7.417066e-17
129.3    7.301068e-17
129.4    7.246545e-17
129.5    7.191924e-17
129.6    7.168158e-17
129.7    7.208962e-17
129.8    7.306219e-17
129.9    7.389704e-17
130.0    7.388309e-17
130.1    7.443811e-17
130.2    7.574793e-17
130.3    7.639806e-17
130.4    7.672482e-17
130.5    7.740881e-17
130.6    7.773255e-17
130.7    7.755944e-17
130.8    7.762995e-17
130.9    7.730454e-17
131.0    7.718620e-17
131.1    7.754754e-17
131.2    7.765775e-17
131.3    7.661430e-17
131.4    7.467018e-17
131.5    7.268198e-17
131.6    7.129915e-17
131.7    7.018558e-17
131.8    6.821001e-17
131.9    6.657778e-17
132.0    6.597751e-17
132.1    6.485969e-17
132.2    6.203437e-17
132.3    5.893029e-17
132.4    5.675381e-17
132.5    5.564681e-17
132.6    5.372840e-17
132.7    5.211172e-17
132.8    5.136917e-17
132.9    5.062156e-17
133.0    4.892782e-17
133.1    4.726868e-17
133.2    4.724828e-17
133.3    4.886325e-17
133.4    4.994971e-17
133.5    4.974371e-17
133.6    4.948649e-17
133.7    4.828895e-17
133.8    4.723204e-17
133.9    4.687714e-17
134.0    4.720451e-17
134.1    4.689154e-17
134.2    4.716322e-17
134.3    4.823643e-17
134.4    4.976544e-17
134.5    4.996725e-17
134.6    4.968888e-17
134.7    5.032172e-17
134.8    5.235118e-17
134.9    5.437480e-17
135.0    5.669738e-17
135.1    5.983015e-17
135.2    6.017811e-17
135.3    5.894573e-17
135.4    5.718254e-17
135.5    5.524971e-17
135.6    5.694845e-17
135.7    5.987447e-17
135.8    6.113580e-17
135.9    5.987988e-17
136.0    5.728159e-17
136.1    5.230924e-17
136.2    4.754709e-17
136.3    4.330231e-17
136.4    3.944680e-17
136.5    3.649349e-17
136.6    3.453585e-17
136.7    3.175056e-17
136.8    2.953452e-17
136.9    2.787668e-17
137.0    2.587252e-17
137.1    2.438525e-17
137.2    2.433430e-17
137.3    2.450164e-17
137.4    2.540480e-17
137.45    2.667359e-17
137.50    2.702524e-17
137.55    2.538905e-17
137.60    2.382417e-17
137.65    2.238863e-17
137.70    2.132327e-17
137.75    2.012020e-17
137.80    1.937465e-17
137.85    1.879663e-17
137.90    1.866538e-17
137.95    1.866374e-17
138.00    1.901340e-17
138.05    2.013951e-17
138.10    2.141633e-17
138.15    2.318749e-17
138.20    2.352505e-17
138.25    2.240523e-17
138.30    2.104578e-17
138.35    2.040633e-17
138.40    1.903285e-17
138.45    1.782414e-17
138.50    1.690570e-17
138.55    1.630082e-17
138.60    1.589249e-17
138.65    1.555367e-17
138.70    1.512978e-17
138.75    1.484864e-17
138.80    1.471051e-17
138.85    1.470780e-17
138.90    1.487546e-17
138.95    1.508489e-17
139.00    1.559033e-17
139.05    1.651794e-17
139.10    1.719544e-17
139.15    1.696291e-17
139.20    1.615639e-17
139.25    1.510500e-17
139.30    1.448491e-17
139.35    1.394707e-17
139.40    1.372516e-17
139.45    1.375052e-17
139.50    1.395231e-17
139.55    1.411280e-17
139.60    1.392375e-17
139.65    1.376234e-17
139.70    1.380932e-17
139.75    1.429150e-17
139.80    1.523462e-17
139.85    1.653009e-17
139.90    1.795144e-17
139.95    1.972742e-17
140.00    2.184262e-17
140.05    2.237004e-17
140.10    2.002809e-17
140.15    1.821886e-17
140.20    1.629631e-17
140.25    1.524828e-17
140.30    1.447480e-17
140.35    1.381416e-17
140.40    1.333312e-17
140.45    1.301173e-17
140.50    1.272076e-17
140.55    1.263963e-17
140.60    1.281268e-17
140.65    1.343361e-17
140.70    1.416720e-17
140.75    1.538152e-17
140.80    1.603212e-17
140.85    1.550063e-17
140.90    1.423271e-17
140.95    1.315533e-17
141.00    1.227199e-17
141.05    1.166819e-17
141.10    1.140496e-17
141.15    1.135962e-17
141.20    1.152560e-17
141.25    1.159310e-17
141.30    1.144531e-17
141.35    1.125685e-17
141.40    1.110752e-17
141.45    1.105874e-17
141.50    1.122125e-17
141.55    1.162350e-17
141.60    1.237492e-17
141.65    1.346076e-17
141.70    1.475717e-17
141.75    1.537506e-17
141.80    1.483187e-17
141.85    1.379265e-17
141.90    1.270575e-17
141.95    1.191750e-17
142.00    1.136490e-17
142.05    1.122904e-17
142.10    1.140041e-17
142.15    1.176383e-17
142.20    1.192718e-17
142.25    1.163220e-17
142.30    1.125784e-17
142.35    1.142866e-17
142.40    1.193022e-17
142.45    1.298585e-17
142.50    1.411433e-17
142.55    1.564399e-17
142.60    1.715249e-17
142.65    1.928554e-17
142.70    2.033338e-17
142.75    1.894693e-17
142.80    1.657452e-17
142.85    1.417136e-17
142.90    1.258044e-17
142.95    1.153568e-17
143.00    1.083729e-17
143.05    1.035170e-17
143.10    1.005954e-17
143.15    9.912623e-18
143.20    9.658526e-18
143.25    9.438954e-18
143.30    9.235996e-18
143.35    9.246031e-18
143.40    9.333084e-18
143.45    9.538613e-18
143.50    9.708752e-18
143.55    9.787195e-18
143.60    9.683211e-18
143.65    9.368263e-18
143.70    8.920993e-18
143.75    8.698199e-18
143.80    8.479541e-18
143.85    8.384265e-18
143.90    8.444208e-18
143.95    8.654885e-18
144.00    8.794246e-18
144.05    8.993754e-18
144.10    9.029930e-18
144.15    9.110080e-18
144.20    9.248211e-18
144.25    9.208769e-18
144.30    9.212336e-18
144.35    9.537363e-18
144.40    1.014258e-17
144.45    1.096338e-17
144.50    1.177992e-17
144.55    1.194168e-17
144.60    1.139201e-17
144.65    1.075911e-17
144.70    1.006967e-17
144.75    9.485979e-18
144.80    9.083965e-18
144.85    9.079150e-18
144.90    9.439335e-18
144.95    9.955708e-18
145.00    1.081758e-17
145.05    1.157957e-17
145.10    1.229087e-17
145.15    1.327330e-17
145.20    1.417510e-17
145.25    1.397276e-17
145.30    1.326108e-17
145.35    1.295330e-17
145.40    1.318334e-17
145.45    1.403014e-17
145.50    1.478737e-17
145.55    1.438618e-17
145.60    1.288152e-17
145.65    1.127057e-17
145.70    1.015966e-17
145.75    9.319953e-18
145.80    8.702864e-18
145.85    8.387020e-18
145.90    8.204851e-18
145.95    8.099119e-18
146.00    8.080580e-18
146.05    7.800630e-18
146.10    7.537989e-18
146.15    7.403597e-18
146.20    7.298836e-18
146.25    7.260815e-18
146.30    7.304808e-18
146.35    7.394534e-18
146.40    7.547730e-18
146.45    7.750153e-18
146.50    7.734974e-18
146.55    7.603955e-18
146.60    7.499397e-18
146.65    7.410714e-18
146.70    7.564841e-18
146.75    7.844797e-18
146.80    8.268312e-18
146.85    8.685669e-18
146.90    9.181495e-18
146.95    9.674195e-18
147.00    9.773284e-18
147.05    9.166098e-18
147.10    8.689007e-18
147.15    8.170387e-18
147.20    7.928380e-18
147.25    7.942485e-18
147.30    8.133167e-18
147.35    8.387938e-18
147.40    8.861023e-18
147.45    9.309412e-18
147.50    9.417732e-18
147.55    9.245887e-18
147.60    9.037421e-18
147.65    9.051027e-18
147.70    9.324975e-18
147.75    1.040153e-17
147.80    1.171452e-17
147.85    1.330981e-17
147.90    1.457182e-17
147.95    1.625417e-17
148.00    1.794606e-17
148.05    1.788088e-17
148.10    1.578454e-17
148.15    1.412552e-17
148.20    1.237389e-17
148.25    1.120729e-17
148.30    1.026670e-17
148.35    9.683216e-18
148.40    9.247832e-18
148.45    9.060448e-18
148.50    8.924245e-18
148.55    8.850725e-18
148.60    8.798454e-18
148.65    8.615050e-18
148.70    8.582567e-18
148.75    8.700321e-18
148.80    8.770764e-18
148.85    8.700896e-18
148.90    8.542878e-18
148.95    8.358980e-18
149.00    8.297680e-18
149.05    8.222379e-18
149.10    8.223646e-18
149.15    8.297276e-18
149.20    8.384666e-18
149.25    8.545517e-18
149.30    8.624985e-18
149.35    8.660449e-18
149.40    8.569043e-18
149.45    8.532927e-18
149.50    8.641569e-18
149.55    8.926839e-18
149.60    9.576756e-18
149.65    1.030855e-17
149.70    1.117689e-17
149.75    1.173963e-17
149.80    1.267035e-17
149.85    1.343844e-17
149.90    1.379677e-17
149.95    1.297771e-17
150.00    1.193639e-17
150.05    1.115257e-17
150.10    1.072069e-17
150.15    1.060759e-17
150.20    1.068420e-17
150.25    1.084794e-17
150.30    1.114242e-17
150.35    1.160739e-17
150.40    1.192028e-17
150.45    1.163406e-17
150.50    1.130709e-17
150.55    1.115182e-17
150.60    1.143719e-17
150.65    1.248975e-17
150.70    1.447797e-17
150.75    1.685058e-17
150.80    1.852214e-17
150.85    2.002424e-17
150.90    2.254318e-17
150.95    2.446150e-17
151.00    2.420617e-17
151.05    2.172912e-17
151.10    1.874271e-17
151.15    1.664061e-17
151.20    1.468403e-17
151.25    1.350927e-17
151.30    1.255252e-17
151.35    1.195081e-17
151.40    1.151606e-17
151.45    1.140275e-17
151.50    1.128785e-17
151.55    1.116971e-17
151.60    1.096811e-17
151.65    1.076933e-17
151.70    1.079703e-17
151.75    1.090435e-17
151.80    1.105936e-17
151.85    1.118954e-17
151.90    1.103372e-17
151.95    1.068933e-17
152.00    1.049231e-17
152.05    1.033953e-17
152.10    1.019781e-17
152.15    1.006372e-17
152.20    9.979001e-18
152.25    1.014504e-17
152.30    1.031044e-17
152.35    1.045723e-17
152.40    1.051527e-17
152.45    1.048960e-17
152.50    1.051529e-17
152.55    1.087633e-17
152.60    1.146309e-17
152.65    1.245864e-17
152.70    1.340064e-17
152.75    1.411648e-17
152.80    1.472873e-17
152.85    1.572305e-17
152.90    1.688899e-17
152.95    1.749145e-17
153.00    1.686249e-17
153.05    1.571067e-17
153.10    1.439108e-17
153.15    1.365593e-17
153.20    1.334327e-17
153.25    1.319022e-17
153.30    1.312586e-17
153.35    1.331045e-17
153.40    1.385734e-17
153.45    1.424953e-17
153.50    1.445075e-17
153.55    1.415315e-17
153.60    1.381461e-17
153.65    1.383452e-17
153.70    1.451669e-17
153.75    1.586982e-17
153.80    1.799125e-17
153.85    2.012554e-17
153.90    2.124915e-17
153.95    2.278068e-17
154.00    2.480989e-17
154.05    2.691596e-17
154.10    2.769942e-17
154.15    2.549664e-17
154.20    2.321287e-17
154.25    2.008557e-17
154.30    1.866090e-17
154.35    1.690876e-17
154.40    1.611452e-17
154.45    1.516265e-17
154.50    1.474541e-17
154.55    1.442113e-17
154.60    1.431209e-17
154.65    1.421761e-17
154.70    1.403115e-17
154.75    1.386036e-17
154.80    1.363992e-17
154.85    1.350542e-17
154.90    1.359248e-17
154.95    1.375236e-17
155.00    1.398641e-17
155.05    1.406774e-17
155.10    1.390488e-17
155.15    1.379818e-17
155.20    1.357718e-17
155.25    1.340059e-17
155.30    1.318923e-17
155.35    1.306696e-17
155.40    1.300549e-17
155.45    1.314579e-17
155.50    1.334155e-17
155.55    1.355179e-17
155.60    1.359545e-17
155.65    1.357517e-17
155.70    1.361722e-17
155.75    1.385984e-17
155.80    1.420144e-17
155.85    1.491670e-17
155.90    1.547499e-17
155.95    1.601675e-17
156.00    1.633581e-17
156.05    1.684381e-17
156.10    1.747754e-17
156.15    1.816778e-17
156.20    1.827406e-17
156.25    1.761815e-17
156.30    1.641898e-17
156.35    1.577807e-17
156.40    1.532118e-17
156.45    1.511345e-17
156.50    1.500070e-17
156.55    1.496222e-17
156.60    1.503227e-17
156.65    1.528164e-17
156.70    1.562675e-17
156.75    1.570579e-17
156.80    1.548774e-17
156.85    1.534422e-17
156.90    1.526140e-17
156.95    1.562155e-17
157.00    1.633798e-17
157.05    1.748813e-17
157.10    1.874108e-17
157.15    1.948069e-17
157.20    2.009286e-17
157.25    2.118803e-17
157.30    2.248448e-17
157.35    2.353275e-17
157.40    2.343772e-17
157.45    2.213303e-17
157.50    2.096594e-17
157.55    1.966578e-17
157.60    1.878811e-17
157.65    1.800839e-17
157.70    1.750043e-17
157.75    1.699933e-17
157.80    1.671522e-17
157.85    1.661261e-17
157.90    1.661532e-17
157.95    1.656184e-17
158.00    1.637116e-17
158.05    1.625115e-17
158.10    1.600671e-17
158.15    1.594895e-17
158.20    1.587304e-17
158.25    1.581839e-17
158.30    1.577659e-17
158.35    1.579464e-17
158.40    1.591559e-17
158.45    1.610210e-17
158.50    1.630361e-17
158.55    1.634896e-17
158.60    1.633530e-17
158.65    1.628987e-17
158.70    1.625914e-17
158.75    1.629738e-17
158.80    1.631260e-17
158.85    1.633975e-17
158.90    1.631708e-17
158.95    1.632544e-17
159.00    1.639947e-17
159.05    1.640559e-17
159.10    1.649180e-17
159.15    1.654482e-17
159.20    1.652918e-17
159.25    1.640452e-17
159.30    1.623023e-17
159.35    1.599191e-17
159.40    1.587777e-17
159.45    1.578873e-17
159.50    1.571395e-17
159.55    1.567972e-17
159.60    1.568181e-17
159.65    1.567652e-17
159.70    1.568550e-17
159.75    1.570252e-17
159.80    1.569381e-17
159.85    1.573754e-17
159.90    1.572504e-17
159.95    1.577126e-17
160.00    1.577426e-17
160.05    1.579817e-17
160.10    1.583356e-17
160.15    1.587372e-17
160.20    1.593630e-17
160.25    1.603972e-17
160.30    1.608525e-17
160.35    1.617451e-17
160.40    1.626270e-17
160.45    1.636820e-17
160.50    1.649318e-17
160.55    1.660874e-17
160.60    1.673367e-17
160.65    1.688876e-17
160.70    1.700029e-17
160.75    1.713346e-17
160.80    1.724624e-17
160.85    1.731960e-17
160.90    1.744529e-17
160.95    1.761038e-17
161.00    1.771685e-17
161.05    1.786500e-17
161.10    1.803065e-17
161.15    1.816661e-17
161.20    1.828414e-17
161.25    1.835751e-17
161.30    1.841807e-17
161.35    1.846851e-17
161.40    1.853458e-17
161.45    1.865703e-17
161.50    1.872538e-17
161.55    1.878631e-17
161.60    1.878023e-17
161.65    1.881524e-17
161.70    1.870654e-17
161.75    1.861139e-17
161.80    1.848417e-17
161.85    1.835704e-17
161.90    1.831017e-17
161.95    1.832760e-17
162.00    1.831407e-17
162.05    1.830057e-17
162.10    1.815730e-17
162.15    1.801208e-17
162.20    1.773293e-17
162.25    1.757536e-17
162.3    1.744450e-17
162.4    1.725373e-17
162.5    1.719175e-17
162.6    1.707059e-17
162.7    1.697260e-17
162.8    1.675840e-17
162.9    1.656686e-17
163.0    1.653527e-17
163.1    1.657478e-17
163.2    1.648282e-17
163.3    1.631068e-17
163.4    1.621576e-17
163.5    1.606458e-17
163.6    1.587655e-17
163.7    1.571729e-17
163.8    1.554762e-17
163.9    1.541550e-17
164.0    1.529929e-17
164.1    1.517960e-17
164.2    1.507464e-17
164.3    1.487911e-17
164.4    1.454992e-17
164.5    1.430937e-17
164.6    1.407916e-17
164.7    1.378970e-17
164.8    1.356449e-17
164.9    1.335828e-17
165.0    1.322056e-17
165.1    1.305143e-17
165.2    1.292019e-17
165.3    1.263205e-17
165.4    1.234132e-17
165.5    1.203068e-17
165.6    1.175737e-17
165.7    1.165385e-17
165.8    1.147059e-17
165.9    1.121092e-17
166.0    1.098340e-17
166.1    1.075890e-17
166.2    1.058783e-17
166.3    1.048139e-17
166.4    1.039613e-17
166.5    1.028847e-17
166.6    1.007154e-17
166.7    9.829191e-18
166.8    9.649681e-18
166.9    9.608966e-18
167.0    9.671733e-18
167.1    9.692241e-18
167.2    9.537181e-18
167.3    9.333045e-18
167.4    9.119594e-18
167.5    8.885990e-18
167.6    8.736294e-18
167.7    8.598908e-18
167.8    8.430916e-18
167.9    8.229617e-18
168.0    8.045373e-18
168.1    7.885562e-18
168.2    7.706516e-18
168.3    7.551834e-18
168.4    7.430034e-18
168.5    7.295531e-18
168.6    7.165971e-18
168.7    7.138459e-18
168.8    7.079084e-18
168.9    7.004181e-18
169.0    6.906765e-18
169.1    6.738414e-18
169.2    6.603895e-18
169.3    6.503723e-18
169.4    6.496204e-18
169.5    6.493952e-18
169.6    6.440551e-18
169.7    6.280469e-18
169.8    6.171939e-18
169.9    6.094291e-18
170.0    6.118491e-18
170.1    6.150838e-18
170.2    6.202885e-18
170.3    6.199731e-18
170.4    6.150130e-18
170.5    6.111435e-18
170.6    6.153382e-18
170.7    6.238514e-18
170.8    6.372045e-18
170.9    6.485432e-18
171.0    6.504566e-18
171.1    6.385943e-18
171.2    6.255323e-18
171.3    6.123397e-18
171.4    5.963421e-18
171.5    5.837227e-18
171.6    5.684871e-18
171.7    5.527592e-18
171.8    5.368283e-18
171.9    5.256583e-18
172.0    5.164840e-18
172.1    5.088033e-18
172.2    5.038484e-18
172.3    5.006976e-18
172.4    5.021937e-18
172.5    5.027942e-18
172.6    5.057851e-18
172.7    5.110547e-18
172.8    5.104589e-18
172.9    5.106224e-18
173.0    5.100546e-18
173.1    5.093277e-18
173.2    5.085873e-18
173.3    5.104592e-18
173.4    5.152297e-18
173.5    5.233030e-18
173.6    5.320287e-18
173.7    5.442595e-18
173.8    5.565560e-18
173.9    5.677114e-18
174.0    5.759016e-18
174.1    5.840569e-18
174.2    5.963440e-18
174.3    6.078475e-18
174.4    6.212457e-18
174.5    6.384901e-18
174.6    6.550817e-18
174.7    6.699646e-18
174.8    6.839220e-18
174.9    6.950060e-18
175.0    7.043272e-18
175.1    7.062620e-18
175.2    6.985255e-18
175.3    6.830335e-18
175.4    6.600749e-18
175.5    6.391981e-18
175.6    6.163525e-18
175.7    5.996405e-18
175.8    5.867671e-18
175.9    5.806798e-18
176.0    5.784314e-18
176.1    5.812104e-18
176.2    5.874011e-18
176.3    5.994870e-18
176.4    6.119285e-18
176.5    6.270008e-18
176.6    6.410492e-18
176.7    6.537019e-18
176.8    6.639903e-18
176.9    6.733302e-18
177.0    6.787809e-18
177.1    6.846069e-18
177.2    6.913319e-18
177.3    7.018444e-18
177.4    7.160141e-18
177.5    7.388480e-18
177.6    7.640072e-18
177.7    7.916878e-18
177.8    8.209452e-18
177.9    8.446535e-18
178.0    8.632945e-18
178.1    8.786128e-18
178.2    8.954095e-18
178.3    9.164657e-18
178.4    9.385221e-18
178.5    9.691068e-18
178.6    9.961392e-18
178.7    1.022956e-17
178.8    1.048834e-17
178.9    1.076917e-17
179.0    1.102221e-17
179.1    1.124563e-17
179.2    1.136307e-17
179.3    1.131013e-17
179.4    1.109747e-17
179.5    1.076672e-17
179.6    1.036617e-17
179.7    9.982734e-18
179.8    9.698126e-18
179.9    9.457729e-18
180.0    9.358001e-18
180.1    9.342572e-18
180.2    9.408987e-18
180.3    9.576389e-18
180.4    9.807317e-18
180.5    1.010437e-17
180.6    1.044012e-17
180.7    1.076816e-17
180.8    1.105032e-17
180.9    1.129384e-17
181.0    1.148152e-17
181.1    1.161083e-17
181.2    1.171815e-17
181.3    1.182286e-17
181.4    1.198031e-17
181.5    1.217343e-17
181.6    1.244879e-17
181.7    1.283972e-17
181.8    1.335941e-17
181.9    1.392104e-17
182.0    1.451059e-17
182.1    1.502867e-17
182.2    1.538771e-17
182.3    1.562753e-17
182.4    1.579722e-17
182.5    1.599037e-17
182.6    1.632151e-17
182.7    1.663489e-17
182.8    1.700972e-17
182.9    1.739050e-17
183.0    1.777369e-17
183.1    1.814259e-17
183.2    1.856899e-17
183.3    1.898057e-17
183.4    1.944328e-17
183.5    1.984423e-17
183.6    2.002219e-17
183.7    1.990025e-17
183.8    1.951542e-17
183.9    1.890739e-17
184.0    1.827304e-17
184.1    1.769183e-17
184.2    1.724846e-17
184.3    1.692525e-17
184.4    1.676096e-17
184.5    1.673689e-17
184.6    1.683690e-17
184.7    1.710065e-17
184.8    1.750012e-17
184.9    1.797225e-17
185.0    1.852853e-17
185.1    1.904770e-17
185.2    1.945281e-17
185.3    1.973180e-17
185.4    1.996003e-17
185.5    2.014698e-17
185.6    2.028430e-17
185.7    2.039452e-17
185.8    2.056108e-17
185.9    2.081857e-17
186.0    2.115704e-17
186.1    2.165928e-17
186.2    2.227642e-17
186.3    2.308152e-17
186.4    2.399534e-17
186.5    2.499072e-17
186.6    2.582396e-17
186.7    2.647820e-17
186.8    2.683347e-17
186.9    2.696155e-17
187.0    2.704351e-17
187.1    2.719328e-17
187.2    2.736137e-17
187.3    2.763813e-17
187.4    2.799799e-17
187.5    2.837991e-17
187.6    2.875912e-17
187.7    2.921787e-17
187.8    2.972328e-17
187.9    3.034532e-17
188.0    3.095708e-17
188.1    3.146581e-17
188.2    3.187170e-17
188.3    3.193764e-17
188.4    3.165296e-17
188.5    3.109118e-17
188.6    3.033786e-17
188.7    2.956825e-17
188.8    2.889457e-17
188.9    2.837441e-17
189.0    2.804928e-17
189.1    2.784438e-17
189.2    2.774589e-17
189.3    2.787524e-17
189.4    2.818127e-17
189.5    2.858234e-17
189.6    2.911842e-17
189.7    2.975150e-17
189.8    3.029702e-17
189.9    3.067104e-17
190.0    3.083110e-17
190.1    3.082924e-17
190.2    3.073380e-17
190.3    3.066737e-17
190.4    3.071486e-17
190.5    3.077468e-17
190.6    3.095913e-17
190.7    3.120562e-17
190.8    3.154670e-17
190.9    3.207626e-17
191.0    3.273504e-17
191.1    3.364306e-17
191.2    3.461967e-17
191.3    3.574978e-17
191.4    3.671988e-17
191.5    3.754430e-17
191.6    3.795123e-17
191.7    3.803577e-17
191.8    3.788725e-17
191.9    3.769600e-17
192.0    3.752150e-17
192.1    3.743580e-17
192.2    3.740210e-17
192.3    3.749831e-17
192.4    3.763127e-17
192.5    3.783141e-17
192.6    3.810951e-17
192.7    3.849300e-17
192.8    3.895783e-17
192.9    3.952245e-17
193.0    4.010842e-17
193.1    4.058016e-17
193.2    4.083480e-17
193.3    4.096864e-17
193.4    4.079244e-17
193.5    4.039159e-17
193.6    4.007659e-17
193.7    3.963640e-17
193.8    3.931051e-17
193.9    3.906478e-17
194.0    3.886520e-17
194.1    3.878793e-17
194.2    3.880244e-17
194.3    3.885098e-17
194.4    3.904369e-17
194.5    3.929586e-17
194.6    3.964086e-17
194.7    4.002327e-17
194.8    4.031618e-17
194.9    4.051039e-17
195.0    4.047824e-17
195.1    4.018603e-17
195.2    4.000419e-17
195.3    3.974284e-17
195.4    3.952491e-17
195.5    3.946539e-17
195.6    3.937589e-17
195.7    3.936872e-17
195.8    3.945418e-17
195.9    3.946858e-17
196.0    3.956135e-17
196.1    3.979732e-17
196.2    4.007394e-17
196.3    4.042691e-17
196.4    4.090966e-17
196.5    4.133760e-17
196.6    4.169021e-17
196.7    4.183440e-17
196.8    4.173226e-17
196.9    4.140617e-17
197.0    4.097873e-17
197.1    4.059865e-17
197.2    4.036207e-17
197.3    4.023925e-17
197.4    4.007219e-17
197.5    4.002416e-17
197.6    4.011005e-17
197.7    4.018160e-17
197.8    4.023623e-17
197.9    4.040297e-17
198.0    4.054783e-17
198.1    4.080890e-17
198.2    4.109022e-17
198.3    4.134625e-17
198.4    4.152374e-17
198.5    4.167684e-17
198.6    4.174315e-17
198.7    4.184099e-17
198.8    4.185287e-17
198.9    4.191916e-17
199.0    4.191062e-17
199.1    4.200092e-17
199.2    4.208370e-17
199.3    4.213842e-17
199.4    4.220045e-17
199.5    4.227771e-17
199.6    4.229509e-17
199.7    4.236842e-17
199.8    4.237526e-17
199.9    4.246341e-17
200.0    4.243434e-17
200.1    4.240599e-17
200.2    4.229760e-17
200.3    4.225894e-17
200.4    4.211016e-17
200.5    4.191751e-17
200.6    4.169840e-17
200.7    4.140529e-17
200.8    4.117598e-17
200.9    4.082053e-17
201.0    4.053080e-17
201.1    4.014810e-17
201.2    3.973381e-17
201.3    3.934801e-17
201.4    3.894384e-17
201.5    3.861033e-17
201.6    3.832353e-17
201.7    3.796492e-17
201.8    3.761999e-17
201.9    3.734416e-17
202.0    3.714026e-17
202.1    3.680984e-17
202.2    3.659286e-17
202.3    3.641273e-17
202.4    3.618744e-17
202.5    3.596310e-17
202.6    3.564826e-17
202.7    3.545918e-17
202.8    3.530170e-17
202.9    3.514056e-17
203.0    3.499912e-17
203.1    3.486408e-17
203.2    3.474000e-17
203.3    3.460281e-17
203.4    3.450099e-17
203.5    3.444225e-17
203.6    3.434677e-17
203.7    3.424694e-17
203.8    3.419555e-17
203.9    3.412669e-17
204.0    3.409109e-17
204.1    3.403483e-17
204.2    3.398238e-17
204.3    3.391196e-17
204.4    3.384892e-17
204.5    3.372841e-17
204.6    3.365481e-17
204.7    3.353695e-17
204.8    3.341306e-17
204.9    3.325720e-17
205.0    3.308641e-17
205.1    3.291027e-17
205.2    3.268600e-17
205.3    3.251076e-17
205.4    3.227806e-17
205.5    3.207719e-17
205.6    3.183806e-17
205.7    3.162289e-17
205.8    3.139599e-17
205.9    3.116736e-17
206.0    3.091927e-17
206.1    3.071995e-17
206.2    3.048770e-17
206.3    3.024506e-17
206.4    3.005334e-17
206.5    2.985409e-17
206.6    2.962971e-17
206.7    2.940902e-17
206.8    2.920474e-17
206.9    2.899268e-17
207.0    2.876575e-17
207.1    2.860039e-17
207.2    2.838444e-17
207.3    2.817406e-17
207.4    2.796089e-17
207.5    2.780570e-17
207.6    2.762975e-17
207.7    2.747293e-17
207.8    2.734281e-17
207.9    2.717182e-17
208.0    2.702651e-17
208.1    2.690980e-17
208.2    2.677984e-17
208.3    2.668478e-17
208.4    2.658449e-17
208.5    2.651218e-17
208.6    2.641504e-17
208.7    2.633489e-17
208.8    2.624098e-17
208.9    2.615992e-17
209.0    2.611597e-17
209.1    2.601034e-17
209.2    2.593775e-17
209.3    2.584289e-17
209.4    2.573486e-17
209.5    2.564476e-17
209.6    2.551443e-17
209.7    2.539259e-17
209.8    2.530184e-17
209.9    2.519926e-17
210.0    2.507653e-17
210.1    2.497108e-17
210.2    2.487407e-17
210.3    2.472401e-17
210.4    2.461605e-17
210.5    2.448231e-17
210.6    2.439674e-17
210.7    2.429074e-17
210.8    2.414766e-17
210.9    2.403620e-17
211.0    2.390860e-17
211.1    2.376468e-17
211.2    2.365404e-17
211.3    2.350650e-17
211.4    2.337034e-17
211.5    2.323053e-17
211.6    2.308042e-17
211.7    2.293524e-17
211.8    2.277650e-17
211.9    2.261089e-17
212.0    2.243153e-17
212.1    2.230684e-17
212.2    2.214842e-17
212.3    2.197437e-17
212.4    2.182725e-17
212.5    2.168580e-17
212.6    2.166281e-17
212.7    2.149585e-17
212.8    2.136890e-17
212.9    2.122795e-17
213.0    2.110601e-17
213.1    2.097327e-17
213.2    2.084792e-17
213.3    2.070693e-17
213.4    2.059342e-17
213.5    2.046372e-17
213.6    2.034591e-17
213.7    2.022721e-17
213.8    2.009244e-17
213.9    1.996880e-17
214.0    1.983776e-17
214.1    1.969520e-17
214.2    1.956759e-17
214.3    1.944398e-17
214.4    1.932106e-17
214.5    1.917574e-17
214.6    1.905987e-17
214.7    1.893395e-17
214.8    1.880027e-17
214.9    1.867346e-17
215.0    1.854672e-17
215.1    1.843269e-17
215.2    1.832359e-17
215.3    1.822352e-17
215.4    1.811596e-17
215.5    1.799475e-17
215.6    1.789670e-17
215.7    1.779059e-17
215.8    1.767565e-17
215.9    1.758264e-17
216.0    1.746923e-17
216.1    1.735979e-17
216.2    1.723554e-17
216.3    1.714459e-17
216.4    1.703626e-17
216.5    1.691850e-17
216.6    1.681031e-17
216.7    1.668016e-17
216.8    1.656949e-17
216.9    1.644642e-17
217.0    1.632593e-17
217.1    1.620183e-17
217.2    1.608790e-17
217.3    1.596861e-17
217.4    1.585590e-17
217.5    1.572952e-17
217.6    1.562840e-17
217.7    1.551174e-17
217.8    1.539365e-17
217.9    1.528624e-17
218.0    1.518149e-17
218.1    1.506679e-17
218.2    1.497935e-17
218.3    1.485982e-17
218.4    1.476422e-17
218.5    1.465828e-17
218.6    1.455986e-17
218.7    1.446461e-17
218.8    1.435613e-17
218.9    1.426048e-17
219.0    1.414370e-17
219.1    1.405111e-17
219.2    1.395152e-17
219.3    1.384781e-17
219.4    1.373636e-17
219.5    1.362595e-17
219.6    1.353612e-17
219.7    1.342763e-17
219.8    1.331926e-17
219.9    1.322121e-17
220.0    1.312533e-17
220.1    1.303573e-17
220.2    1.295508e-17
220.3    1.285724e-17
220.4    1.276029e-17
220.5    1.267026e-17
220.6    1.258462e-17
220.7    1.249705e-17
220.8    1.241545e-17
220.9    1.233446e-17
221.0    1.225976e-17
221.1    1.217084e-17
221.2    1.211134e-17
221.3    1.201663e-17
221.4    1.194334e-17
221.5    1.186163e-17
221.6    1.179121e-17
221.7    1.171049e-17
221.8    1.163209e-17
221.9    1.156115e-17
222.0    1.148220e-17
222.1    1.141218e-17
222.2    1.132426e-17
222.3    1.125346e-17
222.4    1.117735e-17
222.5    1.111530e-17
222.6    1.101171e-17
222.8    1.088194e-17
223.0    1.074258e-17
223.2    1.059742e-17
223.4    1.048422e-17
223.6    1.036741e-17
223.8    1.024736e-17
224.0    1.013540e-17
224.2    1.003564e-17
224.4    9.934879e-18
224.6    9.826345e-18
224.8    9.730133e-18
225.0    9.621373e-18
225.2    9.517015e-18
225.4    9.420739e-18
225.6    9.321260e-18
225.8    9.222545e-18
226.0    9.142731e-18
226.2    9.036936e-18
226.4    8.959456e-18
226.6    8.877932e-18
226.8    8.805402e-18
227.0    8.734568e-18
227.2    8.649934e-18
227.4    8.565990e-18
227.6    8.477492e-18
227.8    8.402933e-18
228.0    8.324634e-18
228.2    8.251979e-18
228.4    8.167962e-18
228.6    8.090829e-18
228.8    8.016287e-18
229.0    7.953790e-18
229.2    7.876848e-18
229.4    7.810082e-18
229.6    7.751631e-18
229.8    7.683374e-18
230.0    7.591338e-18
230.2    7.530082e-18
230.4    7.470392e-18
230.6    7.389535e-18
230.8    7.318678e-18
231.0    7.254512e-18
231.2    7.174438e-18
231.4    7.118372e-18
231.6    7.036517e-18
231.8    6.964635e-18
232.0    6.881919e-18
232.2    6.809678e-18
232.4    6.748341e-18
232.6    6.668303e-18
232.8    6.592967e-18
233.0    6.519605e-18
233.2    6.445183e-18
233.4    6.365338e-18
233.6    6.278355e-18
233.8    6.204562e-18
234.0    6.119241e-18
234.2    6.047177e-18
234.4    5.974439e-18
234.6    5.883695e-18
234.8    5.813854e-18
235.0    5.726234e-18
235.2    5.638924e-18
235.4    5.564938e-18
235.6    5.484853e-18
235.8    5.400309e-18
236.0    5.320957e-18
236.2    5.242253e-18
236.4    5.167858e-18
236.6    5.091217e-18
236.8    5.005255e-18
237.0    4.921488e-18
237.2    4.851632e-18
237.4    4.750738e-18
237.6    4.676992e-18
237.8    4.572751e-18
238.0    4.490434e-18
238.2    4.410638e-18
238.4    4.317259e-18
238.6    4.239594e-18
238.8    4.162016e-18
239.0    4.074396e-18
239.2    3.998961e-18
239.4    3.913869e-18
239.6    3.825799e-18
239.8    3.736592e-18
240.0    3.670396e-18
240.2    3.599172e-18
240.4    3.515942e-18
240.6    3.437746e-18
240.8    3.348813e-18
241.0    3.279767e-18
241.2    3.206685e-18
241.4    3.115063e-18
241.6    3.052014e-18
241.8    2.978538e-18
242.0    2.890438e-18
242.2    2.815521e-18
242.4    2.748571e-18
242.6    2.685980e-18
242.8    2.609976e-18
243.0    2.544789e-18
243.2    2.481742e-18
243.4    2.402513e-18
243.6    2.319789e-18
243.8    2.258141e-18
244.0    2.196127e-18
244.2    2.134368e-18
244.4    2.073817e-18
244.6    2.016460e-18
244.8    1.953196e-18
245.0    1.897721e-18
245.2    1.842368e-18
245.4    1.788976e-18
245.6    1.737428e-18
245.8    1.679746e-18
246.0    1.627147e-18
246.2    1.578151e-18
246.4    1.528491e-18
246.6    1.478200e-18
246.8    1.432233e-18
247.0    1.385178e-18
247.2    1.342267e-18
247.4    1.297730e-18
247.6    1.252136e-18
247.8    1.211647e-18
248.0    1.172335e-18
248.2    1.134912e-18
248.4    1.092464e-18
248.6    1.056691e-18
248.8    1.022077e-18
249.0    9.859956e-19
249.2    9.499735e-19
249.4    9.195286e-19
249.6    8.830769e-19
249.8    8.521113e-19
250.0    8.241115e-19
250.2    7.914325e-19
250.4    7.622853e-19
250.6    7.339998e-19
250.8    7.048067e-19
251.0    6.793496e-19
251.2    6.532544e-19
251.4    6.320696e-19
251.6    6.062168e-19
251.8    5.836109e-19
252.0    5.625634e-19
252.2    5.418526e-19
252.4    5.197227e-19
252.6    5.018017e-19
252.8    4.806430e-19
253.0    4.604519e-19
253.2    4.413395e-19
253.4    4.261964e-19
253.6    4.104756e-19
253.8    3.948582e-19
254.0    3.779598e-19
254.2    3.636640e-19
254.4    3.489290e-19
254.6    3.354971e-19
254.8    3.182413e-19
255.0    3.069710e-19
255.2    2.942080e-19
255.4    2.807463e-19
255.6    2.696560e-19
255.8    2.583188e-19
256.0    2.478193e-19
256.2    2.379791e-19
256.4    2.295386e-19
256.6    2.184478e-19
256.8    2.096786e-19
257.0    1.991114e-19
257.2    1.905615e-19
257.4    1.820253e-19
257.6    1.718980e-19
257.8    1.641850e-19
258.0    1.598522e-19
258.2    1.494163e-19
258.4    1.454716e-19
258.6    1.372405e-19
258.8    1.302410e-19
259.0    1.275203e-19
259.2    1.203746e-19
259.4    1.178325e-19
259.6    1.124233e-19
259.8    1.048376e-19
260.0    1.000273e-19
260.2    9.603637e-20
260.4    9.080642e-20
260.6    8.562198e-20
260.8    8.177345e-20
261.0    7.820252e-20
261.2    7.485211e-20
261.4    7.183750e-20
261.6    6.744122e-20
261.8    6.415093e-20
262.0    6.109283e-20
262.2    5.530829e-20
262.4    6.021070e-20
262.6    5.416115e-20
262.8    5.324560e-20
263.0    5.200591e-20
263.2    4.708500e-20
263.4    4.651749e-20
263.6    3.647142e-20
263.8    4.131678e-20
264.0    3.877817e-20
264.2    3.415685e-20
264.4    3.341150e-20
264.6    3.146850e-20
264.8    3.022754e-20
265.0    2.914660e-20
265.2    2.745509e-20
265.4    2.643737e-20
265.6    2.642760e-20
265.8    2.401527e-20
266.0    2.330103e-20
266.2    2.169528e-20
266.4    2.057396e-20
266.6    2.129568e-20
266.8    1.956238e-20
267.0    1.975327e-20
267.2    1.958398e-20
267.4    1.750704e-20
267.6    1.685791e-20
267.8    1.517260e-20
268.0    1.509015e-20
268.2    1.445930e-20
268.4    1.392773e-20
268.6    1.344873e-20
268.8    1.229430e-20
269.0    1.197993e-20
269.2    1.183404e-20
269.4    1.082549e-20
269.6    1.051692e-20
269.8    9.435300e-21
270.0    1.046330e-20
270.2    8.931927e-21
270.4    9.268876e-21
270.6    8.118044e-21
270.8    8.144382e-21
271.0    8.546342e-21
271.2    7.043363e-21
271.4    8.381162e-21
271.6    7.950317e-21
271.8    6.544636e-21
272.0    6.352627e-21
272.2    6.712986e-21
272.4    6.428866e-21
272.6    4.280587e-21
272.8    4.065397e-21
273.0    5.644236e-21
273.2    4.615807e-21
273.4    3.158390e-21
273.6    5.194541e-21
273.8    4.381879e-21
274.0    4.887133e-21
274.2    3.402632e-21
274.4    4.434940e-21
274.6    4.414712e-21
274.8    4.173926e-21
275.0    5.064814e-21
275.2    4.275749e-21
275.4    3.797126e-21
275.6    4.784264e-21
275.8    4.786320e-21
276.0    4.913447e-21
276.2    3.904111e-21
276.4    4.219503e-21
276.6    3.596391e-21
276.8    3.453520e-21
277.0    3.409269e-21
277.2    2.661594e-21
277.4    2.931003e-21
277.6    2.787658e-21
277.8    2.377926e-21
278.0    2.720715e-21
278.2    3.161043e-21
278.4    1.582425e-21
278.6    1.875914e-21
278.8    2.877644e-21
279.0    2.025700e-21
279.2    2.419137e-21
279.4    2.984589e-21
279.6    2.620567e-21
279.8    2.672044e-21
280.0    2.355508e-21
280.2    2.751703e-21
280.4    1.155579e-21
280.6    2.265287e-21
280.8    2.218762e-21
281.0    2.295276e-21
281.2    2.371314e-21
281.4    2.374630e-21
281.6    4.706978e-22
281.8    5.456374e-22
282.0    1.117345e-21
282.2    9.690609e-22
282.4    2.985395e-22
282.6    4.982894e-22
282.8   -9.981370e-23
283.0   -7.495680e-22
283.2    1.575847e-21
283.4   -2.755543e-22
283.6    1.981146e-21
283.8    9.042700e-22
284.0    2.011351e-21
284.2    7.049418e-22
284.4    9.578769e-22
284.6    5.049196e-22
284.8    1.011031e-21
285.0    1.088336e-21
285.2    8.363399e-22
285.4    2.538848e-22
285.6    8.893229e-22
285.8    1.272414e-22
286.0    7.135529e-22
286.2    1.224521e-21
286.4    1.277148e-21
286.6    1.535187e-22
286.8    1.280745e-22
287.0    9.491293e-22
287.2   -1.207215e-21
287.4    9.003859e-22
287.6    7.986617e-22
287.8   -2.838421e-22
288.0    5.168199e-22
288.2    1.034941e-21
288.4    6.476686e-22
288.6    3.631666e-22
288.8    1.791508e-21
289.0    1.274698e-21
289.2    2.135304e-21
289.4    1.773213e-21
289.6    1.435841e-21
289.8    2.484605e-21
290.0    2.069010e-21
290.2    2.911599e-21
290.4    2.810307e-21
290.6    2.234979e-21
290.8    1.685852e-21
291.0    1.714654e-21
291.2    1.611597e-21
291.4    2.142219e-21
291.6    3.179275e-22
291.8    1.697912e-21
292.0    2.391889e-22
292.2    1.330754e-21
292.4    1.864825e-21
292.6    2.162536e-21
292.8    2.351874e-21
293.0    1.391827e-21
293.2    2.492328e-21
293.4    1.825827e-21
293.6    2.366041e-21
293.8    1.830606e-21
294.0    2.508801e-21
294.2    1.863284e-21
294.4    2.055096e-21
294.6    1.707077e-21
294.8    2.170992e-22
295.0    2.608675e-21
295.2    1.170122e-21
295.4    7.087442e-22
295.6    1.446969e-21
295.8    2.350377e-21
296.0    2.600787e-21
296.2    1.864584e-21
296.4    2.582176e-21
296.6    2.861033e-21
296.8    3.416146e-21
297.0    3.035133e-21
297.2    2.736428e-21
297.4    2.380397e-21
297.6    1.441765e-21
297.8    2.082505e-21
298.0    2.586770e-21
298.2    1.225746e-21
298.4    2.678302e-21
298.6    3.437149e-21
298.8    3.555344e-21
299.0    3.644315e-21
299.2    3.032762e-21
299.4    2.109381e-21
299.6    3.070841e-21
299.8    2.991376e-21
300.0    3.731068e-21
300.2    3.426550e-21
300.4    3.487984e-21
300.6    3.691538e-21
300.8    3.158323e-21
301.0    3.048989e-21
301.2    3.767145e-21
301.4    4.373178e-21
301.6    3.666116e-21
301.8    3.327161e-21
302.0    3.388705e-21
302.2    3.394640e-21
302.4    3.141256e-21
302.6    3.290157e-21
302.8    3.266774e-21
303.0    3.534029e-21
303.2    4.380362e-21
303.4    3.776591e-21
303.6    3.782534e-21
303.8    3.206398e-21
304.0    3.708012e-21
304.2    3.100636e-21
304.4    3.281098e-21
304.6    3.697493e-21
304.8    3.263172e-21
305.0    3.062282e-21
305.2    3.480686e-21
305.4    3.279226e-21
305.6    3.609994e-21
305.8    3.883758e-21
306.0    3.504444e-21
306.2    4.431693e-21
306.4    3.993031e-21
306.6    2.617268e-21
306.8    3.454477e-21
307.0    4.175423e-21
307.2    3.735124e-21
307.4    4.399826e-21
307.6    4.467547e-21
307.8    5.526868e-21
308.0    4.633321e-21
308.2    4.310840e-21
308.4    5.012934e-21
308.6    4.354416e-21
308.8    3.787782e-21
309.0    3.400518e-21
309.2    2.919498e-21
309.4    2.832817e-21
309.6    3.601697e-21
309.8    3.179053e-21
310.0    3.767937e-21
310.2    4.297387e-21
310.4    4.765372e-21
310.6    3.818355e-21
310.8    3.424141e-21
311.0    2.997990e-21
311.2    4.116936e-21
311.4    4.061241e-21
311.6    4.008085e-21
311.8    4.699761e-21
312.0    3.741788e-21
312.2    5.654501e-21
312.4    5.573882e-21
312.6    5.112333e-21
312.8    5.310096e-21
313.0    5.129336e-21
313.2    3.532329e-21
313.4    4.201974e-21
313.6    4.366117e-21
313.8    4.090866e-21
314.0    4.352586e-21
314.2    6.046827e-21
314.4    7.013038e-21
314.6    3.673619e-21
314.8    5.087513e-21
315.0    3.944135e-21
315.2    3.504326e-21
315.4    4.603812e-21
315.6    5.839066e-21
315.8    6.521624e-21
316.0    6.211048e-21
316.2    5.415603e-21
316.4    6.299941e-21
316.6    6.832557e-21
316.8    5.967359e-21
317.0    4.280868e-21
317.2    6.222800e-21
317.4    4.692835e-21
317.6    6.900726e-21
317.8    6.192780e-21
318.0    7.921169e-21
318.2    8.201105e-21
318.4    8.447169e-21
318.6    6.339160e-21
318.8    6.949828e-21
319.0    6.297459e-21
319.2    6.975338e-21
319.4    6.388037e-21
319.6    6.066761e-21
319.8    6.281148e-21
320.0    5.889326e-21
320.2    5.563786e-21
320.4    6.317870e-21
320.6    5.551525e-21
320.8    5.563403e-21
321.0    5.606186e-21
321.2    6.435559e-21
321.4    5.528590e-21
321.6    6.496893e-21
321.8    7.712210e-21
322.0    6.936550e-21
322.2    5.745823e-21
322.4    6.307443e-21
322.6    4.592699e-21
322.8    6.956448e-21
323.0    7.006876e-21
323.2    6.566688e-21
323.4    4.211291e-21
323.6    4.429261e-21
323.8    4.090648e-21
324.0    3.784531e-21
324.2    4.703864e-21
324.4    5.348381e-21
324.6    5.462295e-21
324.8    5.650247e-21
325.0    5.344966e-21
325.2    6.279306e-21
325.4    5.794062e-21
325.6    5.985671e-21
325.8    6.174745e-21
326.0    5.436777e-21
326.2    5.268350e-21
326.4    5.388101e-21
326.6    6.476338e-21
326.8    5.519070e-21
327.0    5.240055e-21
327.2    5.032200e-21
327.4    4.318288e-21
327.6    6.036347e-21
327.8    6.014653e-21
328.0    5.988771e-21
