7 53         # first data record, number of data records
Recommended Absorption Cross Sections of COCl2 at 298 K
------------------------------------------------
lambda     sigma (10^20 cm^2)
 (nm)		
------------------------------------------------
168.10  301
170.95  433
173.15  493
174.65  509
176.20  475
177.80  427
179.40  369
181.00  313
182.65  261
184.35  210
186.05  178
187.80  137
189.60  112
191.40  88.9
193.25  68.8
195.15  52.1
197.05  40.6
199.00  31.7
201.01  25.7
203.05  20.7
205.14  17.2
207.26  14.7
209.43  13.0
211.65  11.9
213.89  11.4
216.20  11.3
218.59  11.5
221.00  12.2
223.47  12.6
226.00  13.0
228.58  13.2
231.23  13.4
233.93  13.5
236.69  13.0
239.53  12.4
242.43  11.5
245.41  10.4
248.45  9.07
251.59  7.75
254.79  6.32
258.08  5.02
261.45  3.77
264.92  2.68
268.50  1.85
272.12  1.17
275.88  0.689
279.74  0.370
283.70  0.182
287.78  0.0771
291.99  0.0298
296.32  0.0104
300.77  0.00323
305.36  0.00096
