15 126         # first data record, number of data records
Structure:	ClOOCl
Name:       	dichlorine dioxide, chlorine monoxide dimer, chlorine peroxide
Author(Year):	HuderDeMore(1995)
Temperature:	195K
Wavelength range:	200-450nm
Bibliography:

K.J. Huder and W.B. DeMore, "Absorption cross sections of the ClO dimer," J. Phys. Chem. 99, 3905-3908 (1995).

------------------------------------------------
lambda     sigma (cm^2)
 (nm)		
------------------------------------------------
200   3.746e-18
202   3.428e-18
204   3.128e-18
206   2.853e-18
208   2.605e-18
210   2.383e-18
212   2.199e-18
214   2.059e-18
216   1.967e-18
218   1.937e-18
220   1.983e-18
222   2.115e-18
224   2.332e-18
226   2.648e-18
228   3.047e-18
230   3.528e-18
232   4.066e-18
234   4.616e-18
236   5.152e-18
238   5.636e-18
240   6.024e-18
242   6.287e-18
244   6.400e-18
246   6.371e-18
248   6.191e-18
250   5.889e-18
252   5.495e-18
254   5.051e-18
256   4.581e-18
258   4.130e-18
260   3.701e-18
262   3.321e-18
264   2.990e-18
266   2.697e-18
268   2.452e-18
270   2.233e-18
272   2.042e-18
274   1.876e-18
276   1.709e-18
278   1.571e-18
280   1.433e-18
282   1.310e-18
284   1.194e-18
286   1.079e-18
288   9.72e-19
290   8.85e-19
292   7.95e-19
294   7.15e-19
296   6.37e-19
298   5.69e-19
300   5.13e-19
302   4.60e-19
304   4.16e-19
306   3.77e-19
308   3.41e-19
310   3.08e-19
312   2.79e-19
314   2.52e-19
316   2.28e-19
318   2.06e-19
320   1.87e-19
322   1.69e-19
324   1.53e-19
326   1.38e-19
328   1.25e-19
330   1.13e-19
332   1.02e-19
334   9.2e-20
336   8.4e-20
338   7.6e-20
340   6.8e-20
342   6.2e-20
344   5.6e-20
346   5.1e-20
348   4.6e-20
350   4.1e-20
352   3.7e-20
354   3.4e-20
356   3.1e-20
358   2.8e-20
360   2.5e-20
362   2.3e-20
364   2.1e-20
366   1.9e-20
368   1.7e-20
370   1.5e-20
372   1.4e-20
374   1.2e-20
376   1.1e-20
378   1.0e-20
380   9.2e-21
382   8.3e-21
384   7.5e-21
386   6.8e-21
388   6.2e-21
390   5.6e-21
392   5.0e-21
394   4.6e-21
396   4.1e-21
398   3.7e-21
400   3.4e-21
402   3.0e-21
404   2.8e-21
406   2.5e-21
408   2.3e-21
410   2.0e-21
412   1.8e-21
414   1.7e-21
416   1.5e-21
418   1.4e-21
420   1.2e-21
422   1.1e-21
424   1.0e-21
426   9.0e-22
428   8.0e-22
430   7.0e-22
432   7.0e-22
434   6.0e-22
436   6.0e-22
438   5.0e-22
440   5.0e-22
442   4.0e-22
444   4.0e-22
446   3.0e-22
448   3.0e-22
450   3.0e-22
