5 431        # first data record, number of data records
# XS_nm_spectr_cis_hgbrono_cas1612_vtzp_d10.txt
# without temperature correction
# E[nm] sigma(E)[cm2/molecule]
   170.00000000000000        1.8562880559143641E-017   1.5631916529104471E-018
   171.00000000000000        1.8696606176724592E-017   1.3420483418753413E-018
   172.00000000000000        1.8543288460951261E-017   1.2227249546328410E-018
   173.00000000000000        1.8783557585818188E-017   1.3087529284403998E-018
   174.00000000000000        1.9567691316339982E-017   1.4115080475031294E-018
   175.00000000000000        2.0788743288120482E-017   1.4326694794246199E-018
   176.00000000000000        2.2273637106593810E-017   1.4110735948110636E-018
   177.00000000000000        2.4142337890548657E-017   1.5906585276542620E-018
   178.00000000000000        2.5543311810563108E-017   1.8327570189235811E-018
   179.00000000000000        2.4926737474887175E-017   1.8394464882785046E-018
   180.00000000000000        2.2750510906320110E-017   1.6094659238936092E-018
   181.00000000000000        2.0666537909626046E-017   1.6609568610828696E-018
   182.00000000000000        1.8665557840583980E-017   1.7606578449135948E-018
   183.00000000000000        1.6760195771753429E-017   1.5822829144005580E-018
   184.00000000000000        1.6229477840091759E-017   1.5425988719666863E-018
   185.00000000000000        1.7738622740626942E-017   1.8280693946525547E-018
   186.00000000000000        2.1426955920721391E-017   2.2406371588463680E-018
   187.00000000000000        2.8199393497184846E-017   3.1776255653724104E-018
   188.00000000000000        3.8395113533916938E-017   4.4904158368393430E-018
   189.00000000000000        5.0252625965680723E-017   5.1873769350900267E-018
   190.00000000000000        6.1895177135656442E-017   5.2285860028250788E-018
   191.00000000000000        7.2981640902698174E-017   5.4530637512313852E-018
   192.00000000000000        8.1865827164807577E-017   6.3035964284055653E-018
   193.00000000000000        8.5061772962562456E-017   6.8374435845448940E-018
   194.00000000000000        8.2855756455556880E-017   6.6392134392167747E-018
   195.00000000000000        8.0048821995664587E-017   6.3879320212976624E-018
   196.00000000000000        7.9688761834071352E-017   6.5470185062325790E-018
   197.00000000000000        8.1148610072755447E-017   6.8103324212760637E-018
   198.00000000000000        8.3367177463930718E-017   7.0212319745180477E-018
   199.00000000000000        8.6128528062503444E-017   7.0658186154563193E-018
   200.00000000000000        8.9268522658955079E-017   6.9671378825705497E-018
   201.00000000000000        9.2388866335990032E-017   7.0263442308950551E-018
   202.00000000000000        9.4498176173390318E-017   7.2910786745698633E-018
   203.00000000000000        9.3637642090391207E-017   7.5255144448018482E-018
   204.00000000000000        8.7860167385920932E-017   7.5961549567873229E-018
   205.00000000000000        7.6948598434211711E-017   7.1818204963263316E-018
   206.00000000000000        6.3068598125940816E-017   6.1455259035723960E-018
   207.00000000000000        4.9686870025032574E-017   4.9378566586384029E-018
   208.00000000000000        3.9560877858365628E-017   4.0166142120307305E-018
   209.00000000000000        3.3307491397655454E-017   3.6707374990178538E-018
   210.00000000000000        2.9606285136473170E-017   3.6984724985955660E-018
   211.00000000000000        2.6624346362894761E-017   3.7694116926941273E-018
   212.00000000000000        2.3161455694238392E-017   3.7714691406659365E-018
   213.00000000000000        1.8963584639865524E-017   3.4960587494098565E-018
   214.00000000000000        1.4604139979896822E-017   2.8833172421790065E-018
   215.00000000000000        1.0914207118218248E-017   2.2335938027676095E-018
   216.00000000000000        8.2512685775035726E-018   1.7613448774016133E-018
   217.00000000000000        6.4027669274949871E-018   1.3523116499398539E-018
   218.00000000000000        5.0492283615315373E-018   9.5787711135649957E-019
   219.00000000000000        4.0746112054227754E-018   6.6405509193150181E-019
   220.00000000000000        3.5300961786288736E-018   5.4382861390666127E-019
   221.00000000000000        3.4838316262401433E-018   6.0750239254314963E-019
   222.00000000000000        3.9292926812858144E-018   7.3900742992330802E-019
   223.00000000000000        4.7948431816975187E-018   8.8505268940666593E-019
   224.00000000000000        5.9854819705001641E-018   1.1068820524756581E-018
   225.00000000000000        7.3765571212015100E-018   1.3989600511104335E-018
   226.00000000000000        8.7957996985273609E-018   1.6323969636912333E-018
   227.00000000000000        1.0066028003153332E-017   1.7163239773140965E-018
   228.00000000000000        1.1081138681412329E-017   1.7048463843702309E-018
   229.00000000000000        1.1837336497549790E-017   1.7012744050633926E-018
   230.00000000000000        1.2397008898881335E-017   1.7280259085127361E-018
   231.00000000000000        1.2816447765917483E-017   1.7779230783420106E-018
   232.00000000000000        1.3100990172485431E-017   1.8598955542745315E-018
   233.00000000000000        1.3256005560694986E-017   1.9421739791462824E-018
   234.00000000000000        1.3400323921453939E-017   1.9838169886093569E-018
   235.00000000000000        1.3793754433615482E-017   2.0021648622921138E-018
   236.00000000000000        1.4704236234824309E-017   2.0372577471444392E-018
   237.00000000000000        1.6217914167621790E-017   2.1136191435414420E-018
   238.00000000000000        1.8132059299322623E-017   2.2665822757345403E-018
   239.00000000000000        1.9993119330748085E-017   2.4915125341837048E-018
   240.00000000000000        2.1299184449439138E-017   2.6680123565781626E-018
   241.00000000000000        2.1806086291847030E-017   2.6647856267811044E-018
   242.00000000000000        2.1717842482234506E-017   2.4953375442161024E-018
   243.00000000000000        2.1550799822944953E-017   2.3393406502229981E-018
   244.00000000000000        2.1754787772924956E-017   2.3839096444760569E-018
   245.00000000000000        2.2427757647107067E-017   2.6138359353192368E-018
   246.00000000000000        2.3350045551575336E-017   2.8858641973903423E-018
   247.00000000000000        2.4237321417231106E-017   3.1138594760681166E-018
   248.00000000000000        2.4945983473341895E-017   3.2659267047763408E-018
   249.00000000000000        2.5481681810350167E-017   3.3135168748799550E-018
   250.00000000000000        2.5868646301422387E-017   3.2628516452465763E-018
   251.00000000000000        2.6033617259067976E-017   3.1695216259131943E-018
   252.00000000000000        2.5811902469782239E-017   3.0743142182072460E-018
   253.00000000000000        2.5068214858159852E-017   2.9669993734661842E-018
   254.00000000000000        2.3831985070605350E-017   2.8168043450352209E-018
   255.00000000000000        2.2340700668441418E-017   2.6102318893731488E-018
   256.00000000000000        2.0959184652899693E-017   2.3876659864573441E-018
   257.00000000000000        2.0026573070586470E-017   2.2522447607876817E-018
   258.00000000000000        1.9717476337651227E-017   2.2914485400091602E-018
   259.00000000000000        1.9985873971539875E-017   2.4783282795050351E-018
   260.00000000000000        2.0612830563202066E-017   2.7031457226327080E-018
   261.00000000000000        2.1324618665774148E-017   2.8667145885232065E-018
   262.00000000000000        2.1911910995260675E-017   2.9249020346248704E-018
   263.00000000000000        2.2287857415971043E-017   2.8937335469313032E-018
   264.00000000000000        2.2470289475195989E-017   2.8280149491630187E-018
   265.00000000000000        2.2522020407331709E-017   2.7855367219382479E-018
   266.00000000000000        2.2493593606670814E-017   2.8032181552911160E-018
   267.00000000000000        2.2387907339756283E-017   2.8957960212029777E-018
   268.00000000000000        2.2144688289133738E-017   3.0558787299826942E-018
   269.00000000000000        2.1647417936538231E-017   3.2386982678082157E-018
   270.00000000000000        2.0765055289770849E-017   3.3590428916151772E-018
   271.00000000000000        1.9425545791896309E-017   3.3285547508490966E-018
   272.00000000000000        1.7684780838232924E-017   3.1085565113887065E-018
   273.00000000000000        1.5741460251454982E-017   2.7383460233919566E-018
   274.00000000000000        1.3876241965029216E-017   2.3293248955819364E-018
   275.00000000000000        1.2342026229289288E-017   2.0323336733784114E-018
   276.00000000000000        1.1263346887215188E-017   1.9583309074391518E-018
   277.00000000000000        1.0597167836606174E-017   2.0742494268031657E-018
   278.00000000000000        1.0172805572214919E-017   2.2380040586659083E-018
   279.00000000000000        9.7871405358958971E-018   2.3250650084674906E-018
   280.00000000000000        9.3045685887167424E-018   2.2819244510051536E-018
   281.00000000000000        8.7122300694331808E-018   2.1246410863880821E-018
   282.00000000000000        8.1078586862371614E-018   1.9194703330387413E-018
   283.00000000000000        7.6335438814708359E-018   1.7568742730594294E-018
   284.00000000000000        7.3935667457264702E-018   1.7208597657341289E-018
   285.00000000000000        7.3973891938680105E-018   1.8432885400352220E-018
   286.00000000000000        7.5523083659074288E-018   2.0735925919619408E-018
   287.00000000000000        7.7046912175801205E-018   2.3126430044839333E-018
   288.00000000000000        7.7061106785898225E-018   2.4689004496044906E-018
   289.00000000000000        7.4710351723629258E-018   2.4910857913355490E-018
   290.00000000000000        7.0003286367063258E-018   2.3758404084327220E-018
   291.00000000000000        6.3650640795933297E-018   2.1565931211673819E-018
   292.00000000000000        5.6657824112252611E-018   1.8825971894484333E-018
   293.00000000000000        4.9913877551212847E-018   1.5996172840705597E-018
   294.00000000000000        4.3960878907874174E-018   1.3393289573823082E-018
   295.00000000000000        3.8987370122687472E-018   1.1167616975048400E-018
   296.00000000000000        3.4966471331235654E-018   9.3258731569273702E-019
   297.00000000000000        3.1815467496695954E-018   7.8014335551121301E-019
   298.00000000000000        2.9486384040116403E-018   6.5663634225713183E-019
   299.00000000000000        2.7964302762442397E-018   5.7205902189261672E-019
   300.00000000000000        2.7207586306674616E-018   5.4424521962341143E-019
   301.00000000000000        2.7087574563492347E-018   5.7514933563446552E-019
   302.00000000000000        2.7373513058288261E-018   6.3945607671053314E-019
   303.00000000000000        2.7775629134910238E-018   7.0478864530040042E-019
   304.00000000000000        2.8024932671718492E-018   7.4948201858541623E-019
   305.00000000000000        2.7949014504596785E-018   7.6696732348485788E-019
   306.00000000000000        2.7506587062221980E-018   7.6528188078491469E-019
   307.00000000000000        2.6766241137926836E-018   7.6285336771449209E-019
   308.00000000000000        2.5843985037492955E-018   7.7769010942209255E-019
   309.00000000000000        2.4833772341336377E-018   8.1336069357002753E-019
   310.00000000000000        2.3765295803369689E-018   8.5502745621992790E-019
   311.00000000000000        2.2605231106010091E-018   8.7982171158781135E-019
   312.00000000000000        2.1293605407363296E-018   8.6957910059461166E-019
   313.00000000000000        1.9790382070216182E-018   8.1734059967970839E-019
   314.00000000000000        1.8106640163679672E-018   7.2780326769342965E-019
   315.00000000000000        1.6307453182584965E-018   6.1409208074890363E-019
   316.00000000000000        1.4490130338381519E-018   4.9296301060307524E-019
   317.00000000000000        1.2752263421742085E-018   3.8025881474036178E-019
   318.00000000000000        1.1165025516221092E-018   2.8783740723452572E-019
   319.00000000000000        9.7607692235829443E-019   2.2202706098871476E-019
   320.00000000000000        8.5356198849616756E-019   1.8259985211055279E-019
   321.00000000000000        7.4619427205009186E-019   1.6269017864002344E-019
   322.00000000000000        6.5038044572605744E-019   1.5240099658145090E-019
   323.00000000000000        5.6298856741877116E-019   1.4388808458204157E-019
   324.00000000000000        4.8209128944113980E-019   1.3308590325075321E-019
   325.00000000000000        4.0711767157235012E-019   1.1887906861251464E-019
   326.00000000000000        3.3854569650765424E-019   1.0195246759520619E-019
   327.00000000000000        2.7735617577523945E-019   8.3898396925807835E-020
   328.00000000000000        2.2447680180915199E-019   6.6536827335498576E-020
   329.00000000000000        1.8038807123504428E-019   5.1419349731375425E-020
   330.00000000000000        1.4496767722314396E-019   3.9513739502946270E-020
   331.00000000000000        1.1755285409690006E-019   3.1050641912342253E-020
   332.00000000000000        9.7134022992305812E-020   2.5573690065004495E-020
   333.00000000000000        8.2574303975289192E-020   2.2311406657157643E-020
   334.00000000000000        7.2773173371168113E-020   2.0726708511109745E-020
   335.00000000000000        6.6738998967093777E-020   2.0745658590031540E-020
   336.00000000000000        6.3581359022350219E-020   2.2437292439229787E-020
   337.00000000000000        6.2463345506528132E-020   2.5558542254192441E-020
   338.00000000000000        6.2560318878371397E-020   2.9495770296743175E-020
   339.00000000000000        6.3058074774911237E-020   3.3491715421745180E-020
   340.00000000000000        6.3199164048432998E-020   3.6833662953391156E-020
   341.00000000000000        6.2361982033034147E-020   3.8957014796278206E-020
   342.00000000000000        6.0142186230243111E-020   3.9510145709682947E-020
   343.00000000000000        5.6404546467832628E-020   3.8389007578086956E-020
   344.00000000000000        5.1284474316057391E-020   3.5731850149272277E-020
   345.00000000000000        4.5136569711442376E-020   3.1871720879374747E-020
   346.00000000000000        3.8444918080470905E-020   2.7257884828624884E-020
   347.00000000000000        3.1720213351939213E-020   2.2366368445666177E-020
   348.00000000000000        2.5409394855099514E-020   1.7620943072956141E-020
   349.00000000000000        1.9835857755715974E-020   1.3339947640581915E-020
   350.00000000000000        1.5176693035922519E-020   9.7148471392020225E-021
   351.00000000000000        1.1472586163692071E-020   6.8173019327341940E-021
   352.00000000000000        8.6592275966001535E-021   4.6256144443526303E-021
   353.00000000000000        6.6073161790908644E-021   3.0595709390144767E-021
   354.00000000000000        5.1604395913443864E-021   2.0136359147846045E-021
   355.00000000000000        4.1643021769248857E-021   1.3790386264247720E-021
   356.00000000000000        3.4850300087340115E-021   1.0459051171309625E-021
   357.00000000000000        3.0174202816229502E-021   8.9792654536885822E-022
   358.00000000000000        2.6856532097983237E-021   8.3569738614767842E-022
   359.00000000000000        2.4393809021799336E-021   8.0312094501191836E-022
   360.00000000000000        2.2477285784890884E-021   7.7914383473334066E-022
   361.00000000000000        2.0930437276880730E-021   7.5855586588902537E-022
   362.00000000000000        1.9655105777138214E-021   7.4031813638233093E-022
   363.00000000000000        1.8591538621413034E-021   7.2295693414317581E-022
   364.00000000000000        1.7693248736684137E-021   7.0384940165605576E-022
   365.00000000000000        1.6914835083045255E-021   6.8018800179930683E-022
   366.00000000000000        1.6209389172472346E-021   6.5012686976220366E-022
   367.00000000000000        1.5531642579134251E-021   6.1335336081716240E-022
   368.00000000000000        1.4843327795962326E-021   5.7099433525486911E-022
   369.00000000000000        1.4118055400439433E-021   5.2511618971200345E-022
   370.00000000000000        1.3344070535578330E-021   4.7813505347638449E-022
   371.00000000000000        1.2524290669670485E-021   4.3235964465468699E-022
   372.00000000000000        1.1673865337321881E-021   3.8974770739875919E-022
   373.00000000000000        1.0816044480510606E-021   3.5182793862246092E-022
   374.00000000000000        9.9773798296549993E-022   3.1966821549713244E-022
   375.00000000000000        9.1832530649769071E-022   2.9379163097065162E-022
   376.00000000000000        8.4544961907507874E-022   2.7405227049677350E-022
   377.00000000000000        7.8055277347289939E-022   2.5960610320928925E-022
   378.00000000000000        7.2440575591064509E-022   2.4911428132390678E-022
   379.00000000000000        6.7720881105337806E-022   2.4115910075076221E-022
   380.00000000000000        6.3877171153207642E-022   2.3470023072287337E-022
   381.00000000000000        6.0871565446376718E-022   2.2940377760967600E-022
   382.00000000000000        5.8664266119346722E-022   2.2577351389783109E-022
   383.00000000000000        5.7223363513988668E-022   2.2506003346908138E-022
   384.00000000000000        5.6525796181504997E-022   2.2890745415184175E-022
   385.00000000000000        5.6550048519520851E-022   2.3874751689169634E-022
   386.00000000000000        5.7263100711237509E-022   2.5515838214837874E-022
   387.00000000000000        5.8605358830963193E-022   2.7755580893095453E-022
   388.00000000000000        6.0477619618365504E-022   3.0436802298869241E-022
   389.00000000000000        6.2733590203689048E-022   3.3348076183586062E-022
   390.00000000000000        6.5180276239737246E-022   3.6266485867025588E-022
   391.00000000000000        6.7586964855887434E-022   3.8986172964591236E-022
   392.00000000000000        6.9701889426840394E-022   4.1333298185245156E-022
   393.00000000000000        7.1274270930061310E-022   4.3171521332445925E-022
   394.00000000000000        7.2078509231565582E-022   4.4401707171706909E-022
   395.00000000000000        7.1936967759478976E-022   4.4958911843523709E-022
   396.00000000000000        7.0738068451643621E-022   4.4809161627700974E-022
   397.00000000000000        6.8447203998641691E-022   4.3947639043012172E-022
   398.00000000000000        6.5109119079831255E-022   4.2398583763365830E-022
   399.00000000000000        6.0841704413657318E-022   4.0215929706800885E-022
   400.00000000000000        5.5822369864337277E-022   3.7482977872129174E-022
   401.00000000000000        5.0269123632989664E-022   3.4309518364352894E-022
   402.00000000000000        4.4419047908998615E-022   3.0825627907830115E-022
   403.00000000000000        3.8506968665796326E-022   2.7172466642693015E-022
   404.00000000000000        3.2746793648678930E-022   2.3491332451798806E-022
   405.00000000000000        2.7317336664631635E-022   1.9912711825526807E-022
   406.00000000000000        2.2353605458846114E-022   1.6547023372381150E-022
   407.00000000000000        1.7943667516462455E-022   1.3478292905738701E-022
   408.00000000000000        1.4130467464093378E-022   1.0761328412578926E-022
   409.00000000000000        1.0917451460556761E-022   8.4222860045336574E-023
   410.00000000000000        8.2766010406829702E-023   6.4619893515971587E-023
   411.00000000000000        6.1574787624011389E-023   4.8610641775190661E-023
   412.00000000000000        4.4960859075110920E-023   3.5858822356539937E-023
   413.00000000000000        3.2226510244713237E-023   2.5944291217849485E-023
   414.00000000000000        2.2678274707895882E-023   1.8414444474267740E-023
   415.00000000000000        1.5671119347320873E-023   1.2824564583595755E-023
   416.00000000000000        1.0635602435517354E-023   8.7658617823853344E-024
   417.00000000000000        7.0905201106697410E-024   5.8819140122226144E-024
   418.00000000000000        4.6444303218264225E-024   3.8754409240474068E-024
   419.00000000000000        2.9895909997174215E-024   2.5078972245886170E-024
   420.00000000000000        1.8914918244070901E-024   1.5943845242225442E-024
   421.00000000000000        1.1765228799182842E-024   9.9604732633589278E-025
   422.00000000000000        7.1959892727900013E-025   6.1161649794088828E-025
   423.00000000000000        4.3287922311353697E-025   3.6923177248403429E-025
   424.00000000000000        2.5616606755147389E-025   2.1920340654529574E-025
   425.00000000000000        1.4915850813957333E-025   1.2800613417672115E-025
   426.00000000000000        8.5475018913850455E-026   7.3545388981089053E-026
   427.00000000000000        4.8215687379384460E-026   4.1583992162504533E-026
   428.00000000000000        2.6778648327853598E-026   2.3144442341655192E-026
   429.00000000000000        1.4646471275544182E-026   1.2682930948212650E-026
   430.00000000000000        7.8906724486441160E-027   6.8445709164287166E-027
   431.00000000000000        4.1881656149963380E-027   3.6385352686678533E-027
   432.00000000000000        2.1905548647237201E-027   1.9057218175504765E-027
   433.00000000000000        1.1292651281372689E-027   9.8365428394621785E-028
   434.00000000000000        5.7390441424494774E-028   5.0046274571404333E-028
   435.00000000000000        2.8759062701995228E-028   2.5103960231105025E-028
   436.00000000000000        1.4213148142179644E-028   1.2417883730887639E-028
   437.00000000000000        6.9290595816335736E-029   6.0587102231748159E-029
   438.00000000000000        3.3328363208670850E-029   2.9162927894515273E-029
   439.00000000000000        1.5819607148562953E-029   1.3851291596811780E-029
   440.00000000000000        7.4114786968284517E-030   6.4930125175392581E-030
   441.00000000000000        3.4278832265735659E-030   3.0045982897887703E-030
   442.00000000000000        1.5654627735875283E-030   1.3727674543340638E-030
   443.00000000000000        7.0605361614541980E-031   6.1938815329496304E-031
   444.00000000000000        3.1455204530413501E-031   2.7603742893430378E-031
   445.00000000000000        1.3844840615059531E-031   1.2153317485075456E-031
   446.00000000000000        6.0214873189375168E-032   5.2871908299548467E-032
   447.00000000000000        2.5883246293000720E-032   2.2732057684231687E-032
   448.00000000000000        1.0997923187939749E-032   9.6608505972379095E-033
   449.00000000000000        4.6201538240465150E-033   4.0591300400579504E-033
   450.00000000000000        1.9192514908304523E-033   1.6864310520615035E-033
   451.00000000000000        7.8851862790450719E-034   6.9294412411669173E-034
   452.00000000000000        3.2045762751753696E-034   2.8164157452963242E-034
   453.00000000000000        1.2884894539351834E-034   1.1324997447416698E-034
   454.00000000000000        5.1264272006213401E-035   4.5060408211124057E-035
   455.00000000000000        2.0185686624392713E-035   1.7743514252446258E-035
   456.00000000000000        7.8675094271061306E-036   6.9158015425996661E-036
   457.00000000000000        3.0357452013758673E-036   2.6685395623616231E-036
   458.00000000000000        1.1598345408686518E-036   1.0195344912905644E-036
   459.00000000000000        4.3883060556418166E-037   3.8574056724051438E-037
   460.00000000000000        1.6445023990702100E-037   1.4455091583085850E-037
   461.00000000000000        6.1048436206695236E-038   5.3659253220021661E-038
   462.00000000000000        2.2453385458218573E-038   1.9734759546656017E-038
   463.00000000000000        8.1831467441873524E-039   7.1919521837400967E-039
   464.00000000000000        2.9556511636819586E-039   2.5974840962187283E-039
   465.00000000000000        1.0581387271121264E-039   9.2984959046779467E-040
   466.00000000000000        3.7553470304478883E-040   3.2998021641822416E-040
   467.00000000000000        1.3214057421824367E-040   1.1610190366679387E-040
   468.00000000000000        4.6106351031758830E-041   4.0506715752443590E-041
   469.00000000000000        1.5954484109446183E-041   1.4015550931521938E-041
   470.00000000000000        5.4759621820363634E-042   4.8100230065568005E-042
   471.00000000000000        1.8644519938008678E-042   1.6375537509479740E-042
   472.00000000000000        6.2981314644297690E-043   5.5311089615907008E-043
   473.00000000000000        2.1110469298881690E-043   1.8537584309307845E-043
   474.00000000000000        7.0220651467148809E-044   6.1655754121445513E-044
   475.00000000000000        2.3182860930419941E-044   2.0352987342655221E-044
   476.00000000000000        7.5972793344901495E-045   6.6691512827417288E-045
   477.00000000000000        2.4716729684831099E-045   2.1694712000745998E-045
   478.00000000000000        7.9839538643624403E-046   7.0069732610369869E-046
   479.00000000000000        2.5608885322058898E-046   2.2472527020597194E-046
   480.00000000000000        8.1575517032095290E-047   7.1576288344360215E-047
   481.00000000000000        2.5809267170770802E-047   2.2642923104024986E-047
   482.00000000000000        8.1112482479547445E-048   7.1152707494238037E-048
   483.00000000000000        2.5324724830157699E-048   2.2212369423320851E-048
   484.00000000000000        7.8558826039553581E-049   6.8895539081883783E-049
   485.00000000000000        2.4215084205024998E-049   2.1233797184742995E-049
   486.00000000000000        7.4176209487261283E-050   6.5035655838587235E-050
   487.00000000000000        2.2582770519753050E-050   1.9797438363125194E-050
   488.00000000000000        6.8339122426013394E-051   5.9902615892641837E-051
   489.00000000000000        2.0558253369736249E-051   1.8018016230998978E-051
   490.00000000000000        6.1485416473829126E-052   5.3881172342499751E-052
   491.00000000000000        1.8283989642624184E-052   1.6020639947132190E-052
   492.00000000000000        5.4066222349727469E-053   4.7367312104110999E-053
   493.00000000000000        1.5899372711560284E-053   1.3927603577405320E-053
   494.00000000000000        4.6502358741236104E-054   4.0730052912386730E-054
   495.00000000000000        1.3528590920003279E-054   1.1847754781090543E-054
   496.00000000000000        3.9151981506338774E-055   3.4283146394681119E-055
   497.00000000000000        1.1272467509097019E-055   9.8693671408616211E-056
   498.00000000000000        3.2291500511152122E-056   2.8268443374868519E-056
   499.00000000000000        9.2045135939763878E-057   8.0567122200555155E-057
   500.00000000000000        2.6109329291081725E-057   2.2850518612584753E-057
   501.00000000000000        7.3707417992161828E-058   6.4499283856875257E-058
   502.00000000000000        2.0710240239660882E-058   1.8120584568183519E-058
   503.00000000000000        5.7923510738814987E-059   5.0674019046164516E-059
   504.00000000000000        1.6127136677239306E-059   1.4106887129990338E-059
   505.00000000000000        4.4702176408189997E-060   3.9097239800432110E-060
   506.00000000000000        1.2336869209794676E-060   1.0788621526717016E-060
   507.00000000000000        3.3901705643339757E-061   2.9643275074448541E-061
   508.00000000000000        9.2771241582000493E-062   8.1107631606625021E-062
   509.00000000000000        2.5282201913889385E-062   2.2100751765190186E-062
   510.00000000000000        6.8621490518870844E-063   5.9978581316433630E-063
   511.00000000000000        1.8551656446179445E-063   1.6212975349421242E-063
   512.00000000000000        4.9959221194455779E-064   4.3655581533435477E-064
   513.00000000000000        1.3402682682180795E-064   1.1710085041919050E-064
   514.00000000000000        3.5821451394706039E-065   3.1293619539698337E-065
   515.00000000000000        9.5389774167410192E-066   8.3321841866236435E-066
   516.00000000000000        2.5310403858252132E-066   2.2105515945709172E-066
   517.00000000000000        6.6921542124336553E-067   5.8440265877655863E-067
   518.00000000000000        1.7633276075819444E-067   1.5396571999712013E-067
   519.00000000000000        4.6305274563317921E-068   4.0426524757886046E-068
   520.00000000000000        1.2119594813650269E-068   1.0579596200454129E-068
   521.00000000000000        3.1618067102805017E-069   2.7596975448507460E-069
   522.00000000000000        8.2224477932493279E-070   7.1758377308554261E-070
   523.00000000000000        2.1316414436476871E-070   1.8600777222014103E-070
   524.00000000000000        5.5093791784345962E-071   4.8069011336713166E-071
   525.00000000000000        1.4196932999285377E-071   1.2385193330186061E-071
   526.00000000000000        3.6476846115927460E-072   3.1817892600508666E-072
   527.00000000000000        9.3454036581040191E-073   8.1507619925002830E-073
   528.00000000000000        2.3876116199631061E-073   2.0821403080870630E-073
   529.00000000000000        6.0833189469098264E-074   5.3043625654538993E-074
   530.00000000000000        1.5458055987708401E-074   1.3477022189698501E-074
   531.00000000000000        3.9177102255475941E-075   3.4152144397668779E-075
   532.00000000000000        9.9037190451584672E-076   8.6323835379614107E-076
   533.00000000000000        2.4973416992709216E-076   2.1764930382535587E-076
   534.00000000000000        6.2819726642007189E-077   5.4742219556636852E-077
   535.00000000000000        1.5764382634442546E-077   1.3735691356301110E-077
   536.00000000000000        3.9467976470694955E-078   3.4384741430771659E-078
   537.00000000000000        9.8587878590831280E-079   8.5879977192168208E-079
   538.00000000000000        2.4571769861086600E-079   2.1401907623157881E-079
   539.00000000000000        6.1109227582031959E-080   5.3219481438390462E-080
   540.00000000000000        1.5165525553398836E-080   1.3205938138495736E-080
   541.00000000000000        3.7558741375120545E-081   3.2701744712428165E-081
   542.00000000000000        9.2830304040860148E-082   8.0816105447305633E-082
   543.00000000000000        2.2898956114136345E-082   1.9932980054830321E-082
   544.00000000000000        5.6378104487930787E-083   4.9069944993298120E-083
   545.00000000000000        1.3854649696545386E-083   1.2057280237038090E-083
   546.00000000000000        3.3985374734637215E-084   2.9572955096345051E-084
   547.00000000000000        8.3218689917305508E-085   7.2405664156139651E-085
   548.00000000000000        2.0342418064437357E-085   1.7697152733167234E-085
   549.00000000000000        4.9642939278208972E-086   4.3182483726984466E-086
   550.00000000000000        1.2094994271554757E-086   1.0519746017718928E-086
   551.00000000000000        2.9421642096840260E-087   2.5586807548448598E-087
   552.00000000000000        7.1459627208311972E-088   6.2138347149603584E-088
   553.00000000000000        1.7330315184019242E-088   1.5067989803209768E-088
   554.00000000000000        4.1968464606240880E-089   3.6485641955171108E-089
   555.00000000000000        1.0149143308329838E-089   8.8222324973737448E-090
   556.00000000000000        2.4510033584281190E-090   2.1303127736612887E-090
   557.00000000000000        5.9113263545898933E-091   5.1372996823655204E-091
   558.00000000000000        1.4238706172413205E-091   1.2372889624512098E-091
   559.00000000000000        3.4254568137001291E-092   2.9762533732700439E-092
   560.00000000000000        8.2308829380043718E-093   7.1507034772341062E-093
   561.00000000000000        1.9754755854408487E-093   1.7160308736638956E-093
   562.00000000000000        4.7359962228415293E-094   4.1135426998539350E-094
   563.00000000000000        1.1341810034352455E-094   9.8500494021086351E-095
   564.00000000000000        2.7133224748409726E-095   2.3561827602674259E-095
   565.00000000000000        6.4846260903405528E-096   5.6304637620696150E-096
   566.00000000000000        1.5482789068963941E-096   1.3441886870326397E-096
   567.00000000000000        3.6932628691319958E-097   3.2060715658265561E-097
   568.00000000000000        8.8020499978859960E-098   7.6400978460127887E-098
   569.00000000000000        2.0959728264017914E-098   1.8190849323567611E-098
   570.00000000000000        4.9869048498081344E-099   4.3276366679998143E-099
   571.00000000000000        1.1855922270716337E-099   1.0287446176436862E-099
   572.00000000000000        2.8165239106288445E-100   2.4436462645434657E-100
   573.00000000000000        6.6862127742161801E-101   5.8003993270268611E-101
   574.00000000000000        1.5861717614836589E-101   1.3758809530381593E-101
   575.00000000000000        3.7604336695575290E-102   3.2615321269259513E-102
   576.00000000000000        8.9095872812150760E-103   7.7267086640776358E-103
   577.00000000000000        2.1097122617492500E-103   1.8294204890424995E-103
   578.00000000000000        4.9928523092168950E-104   4.3290492857363160E-104
   579.00000000000000        1.1809941549841049E-104   1.0238708887471237E-104
   580.00000000000000        2.7921183088430402E-105   2.4203882530289911E-105
   581.00000000000000        6.5981206167931511E-106   5.7190695745765531E-106
   582.00000000000000        1.5585480658580699E-106   1.3507636825283317E-106
   583.00000000000000        3.6799900475016279E-107   3.1890402427424145E-107
   584.00000000000000        8.6858512472192207E-108   7.5262745772412935E-108
   585.00000000000000        2.0494157416443831E-108   1.7756288325036169E-108
   586.00000000000000        4.8340613251959701E-109   4.1878282267793827E-109
   587.00000000000000        1.1399110325304283E-109   9.8742104214132273E-110
   588.00000000000000        2.6873152405893509E-110   2.3275814400403043E-110
   589.00000000000000        6.3338403585648926E-111   5.4854007927180967E-111
   590.00000000000000        1.4925478897498169E-111   1.2924824061558933E-111
   591.00000000000000        3.5165254774154571E-112   3.0448463212710172E-112
   592.00000000000000        8.2839049417837082E-113   7.1720298996006336E-113
   593.00000000000000        1.9512083720766835E-113   1.6891419221841608E-113
   594.00000000000000        4.5954771426425517E-114   3.9778530466326121E-114
   595.00000000000000        1.0822486345657749E-114   9.3670089476471899E-115
   596.00000000000000        2.5486128803498112E-115   2.2056350500734281E-115
   597.00000000000000        6.0016665242040040E-116   5.1934704165029136E-116
   598.00000000000000        1.4133236732028076E-116   1.2228792697326248E-116
   599.00000000000000        3.3283092830128639E-117   2.8795319442833458E-117
   600.00000000000000        7.8384164536335299E-118   6.7808316132844435E-118
