5 285          # first data record, number of data records
# XS_nm_spectr_hgbroh_cas1211_vtzp_d05.txt (170nm-454nm)
# without temperature correction
# E[nm] sigma(E)[cm2/molecule]
   170.00000000000000        1.4282604545399281E-017   1.3773862120475063E-018
   171.00000000000000        2.0034598207484285E-017   1.4878436310731608E-018
   172.00000000000000        2.1948676679065935E-017   1.3492658592583322E-018
   173.00000000000000        1.5690575300853517E-017   1.0464775984221653E-018
   174.00000000000000        8.7196616334960878E-018   9.9847062276513916E-019
   175.00000000000000        4.1303955220583966E-018   6.6611363787096647E-019
   176.00000000000000        3.1392106605275725E-018   1.0711322537610071E-018
   177.00000000000000        3.2359593300725144E-018   1.5736755985815649E-018
   178.00000000000000        1.5780751919216293E-018   3.4041036536458084E-019
   179.00000000000000        2.6953392971454091E-018   3.0737439665270352E-019
   180.00000000000000        4.6617312417447657E-018   3.8865603490254905E-019
   181.00000000000000        5.1638406887418014E-018   4.6955889475037849E-019
   182.00000000000000        4.5011787347735928E-018   7.2287687390383882E-019
   183.00000000000000        2.4474443758100711E-018   4.7638131539103530E-019
   184.00000000000000        1.9156427875634274E-018   5.2191270665299087E-019
   185.00000000000000        3.6343554823280018E-018   8.0118499078829347E-019
   186.00000000000000        7.6508625814367510E-018   8.3201983140487136E-019
   187.00000000000000        1.2169487617072225E-017   1.0484298200310861E-018
   188.00000000000000        1.3207652708513165E-017   1.1956819766827587E-018
   189.00000000000000        9.7391753900906126E-018   1.1772472228539450E-018
   190.00000000000000        5.7708025741171179E-018   9.6798186122002514E-019
   191.00000000000000        4.6980620117323944E-018   1.0444102307802047E-018
   192.00000000000000        4.2136619286905844E-018   8.7160189685864880E-019
   193.00000000000000        5.4011354353958079E-018   8.2756715504219929E-019
   194.00000000000000        8.0901524932631521E-018   1.0248235755904494E-018
   195.00000000000000        1.0229611869336349E-017   1.4045821036656036E-018
   196.00000000000000        1.2055238844394843E-017   1.7927183907687869E-018
   197.00000000000000        1.1564510011897765E-017   1.7363679349770033E-018
   198.00000000000000        9.3793897414026406E-018   1.5850863969050600E-018
   199.00000000000000        8.9976633217179650E-018   1.9386893214930045E-018
   200.00000000000000        8.3262426075819549E-018   1.8019028792164665E-018
   201.00000000000000        8.4336145816668863E-018   2.0002273931078051E-018
   202.00000000000000        8.6891127772216722E-018   2.1461144426728420E-018
   203.00000000000000        5.9661058503544062E-018   1.6394679479036345E-018
   204.00000000000000        2.6419400628969553E-018   7.7127222272322980E-019
   205.00000000000000        2.1294129882563454E-018   8.3307978618437313E-019
   206.00000000000000        2.9193189390929716E-018   1.2754771852833986E-018
   207.00000000000000        3.2846132885791585E-018   1.4360198382754968E-018
   208.00000000000000        2.9623414215088720E-018   1.2818702332288820E-018
   209.00000000000000        2.6559506012423326E-018   7.7162158261585541E-019
   210.00000000000000        3.5768199380726682E-018   9.6897495651045582E-019
   211.00000000000000        4.6106173056068688E-018   1.3044917663046701E-018
   212.00000000000000        4.8902248900077155E-018   1.1684284587610765E-018
   213.00000000000000        4.6137801028220746E-018   9.9720152421087536E-019
   214.00000000000000        4.6994617814306922E-018   9.3213438550525953E-019
   215.00000000000000        5.2863378523499606E-018   1.1360281475574607E-018
   216.00000000000000        4.5034005018355815E-018   1.1029736822804324E-018
   217.00000000000000        3.4697563568502959E-018   7.1718734885824423E-019
   218.00000000000000        4.0617530904781004E-018   8.5600234769603716E-019
   219.00000000000000        4.6276614321853773E-018   8.1882260437543247E-019
   220.00000000000000        5.1563914408477812E-018   7.8027644096224719E-019
   221.00000000000000        6.2038364873246669E-018   8.3055809998523636E-019
   222.00000000000000        8.1555489895347927E-018   1.1838674044658870E-018
   223.00000000000000        1.1958375819126256E-017   3.3502279157896129E-018
   224.00000000000000        1.3880074428705597E-017   4.6963447772062360E-018
   225.00000000000000        1.1388425014501105E-017   2.9136375770889389E-018
   226.00000000000000        9.8240173623189716E-018   3.3862778450999126E-018
   227.00000000000000        8.1245276772860914E-018   2.9931864064917051E-018
   228.00000000000000        5.2280395242334875E-018   1.1620578783796403E-018
   229.00000000000000        3.4953738624195939E-018   4.4513296630436420E-019
   230.00000000000000        2.9659527708409866E-018   3.5660115457054918E-019
   231.00000000000000        2.8521091807390076E-018   3.1349108777181896E-019
   232.00000000000000        2.7534339831967180E-018   3.4111938972294921E-019
   233.00000000000000        2.7283738286726976E-018   3.4958973365632459E-019
   234.00000000000000        3.1102951273735317E-018   5.3183044987365279E-019
   235.00000000000000        3.5656871408028412E-018   7.4914255726153791E-019
   236.00000000000000        3.6803851359778282E-018   6.4626556055309046E-019
   237.00000000000000        3.5976581540184205E-018   7.8004327725780992E-019
   238.00000000000000        3.1286207195537654E-018   7.7814351978242715E-019
   239.00000000000000        2.3734719177570913E-018   4.5514557080559984E-019
   240.00000000000000        1.8691487928263110E-018   2.5527900725276347E-019
   241.00000000000000        1.9149900834889592E-018   2.8035311699501266E-019
   242.00000000000000        2.2650926626445698E-018   4.1002069022426835E-019
   243.00000000000000        2.3044362257873396E-018   4.1544781420561736E-019
   244.00000000000000        1.9018006720071463E-018   2.6906393331222722E-019
   245.00000000000000        1.4996302875400679E-018   2.0406124532066913E-019
   246.00000000000000        1.2955226328421409E-018   2.3447950634301058E-019
   247.00000000000000        1.1720213100449533E-018   3.2705378446655030E-019
   248.00000000000000        1.0050002053577689E-018   3.2495648361987247E-019
   249.00000000000000        8.4224673858842879E-019   2.3703258649086492E-019
   250.00000000000000        8.2137257038311459E-019   2.8457777738029211E-019
   251.00000000000000        8.1453652738391886E-019   3.2300719521210455E-019
   252.00000000000000        6.4441528621432153E-019   2.2170662384705762E-019
   253.00000000000000        4.4326229951543009E-019   9.3558015219734830E-020
   254.00000000000000        3.7432134381769459E-019   4.9316604332814136E-020
   255.00000000000000        4.1926181442505612E-019   5.9840575384043059E-020
   256.00000000000000        4.7980864256293560E-019   7.3466665949955819E-020
   257.00000000000000        5.0034933473247079E-019   7.5814425566171394E-020
   258.00000000000000        5.3004788618187964E-019   8.5759111751337949E-020
   259.00000000000000        6.2485960221607264E-019   1.0646491835742060E-019
   260.00000000000000        7.5750890149612923E-019   1.2614375203303208E-019
   261.00000000000000        8.4613345564180374E-019   1.4211029759234737E-019
   262.00000000000000        8.3691186723717288E-019   1.3812708348119865E-019
   263.00000000000000        7.7721149789415436E-019   1.2800726509051754E-019
   264.00000000000000        7.4076265780503486E-019   1.3805887448383550E-019
   265.00000000000000        7.2619657294472819E-019   1.5167231809933383E-019
   266.00000000000000        6.9598196021582230E-019   1.5890259277633973E-019
   267.00000000000000        6.3747709416746230E-019   1.5189030373438598E-019
   268.00000000000000        5.7361924299677726E-019   1.3499942266353248E-019
   269.00000000000000        5.2210254942908652E-019   1.3006413561958744E-019
   270.00000000000000        4.7253367336737547E-019   1.2563045350038232E-019
   271.00000000000000        4.3110437401668868E-019   1.2961149217329526E-019
   272.00000000000000        4.0745395709444188E-019   1.3999868900384407E-019
   273.00000000000000        3.8627179129085615E-019   1.3902550990185249E-019
   274.00000000000000        3.7095020747796082E-019   1.2890269330446445E-019
   275.00000000000000        3.9848194900077131E-019   1.2829941886920096E-019
   276.00000000000000        4.6854884272680681E-019   1.5816676028588287E-019
   277.00000000000000        5.0741680186913544E-019   1.7877854941607179E-019
   278.00000000000000        4.6600556980756229E-019   1.5942973788528465E-019
   279.00000000000000        3.8167907320069853E-019   1.4132612794497330E-019
   280.00000000000000        2.9526345043525850E-019   1.3631669170557374E-019
   281.00000000000000        2.2126030900686787E-019   1.0474808124728295E-019
   282.00000000000000        1.9492514050448597E-019   7.6545935754485526E-020
   283.00000000000000        2.3651937575523593E-019   1.0916341463820613E-019
   284.00000000000000        2.9478457211588312E-019   1.4858486549569819E-019
   285.00000000000000        2.9546906709855369E-019   1.5027446951175026E-019
   286.00000000000000        2.2839066708988365E-019   1.1693299071616636E-019
   287.00000000000000        1.4658484695238312E-019   7.3552440484032979E-020
   288.00000000000000        9.4573303955072027E-020   4.8655147038286592E-020
   289.00000000000000        7.1342333666682016E-020   4.5656598472711435E-020
   290.00000000000000        5.7477155931962137E-020   3.8509481258824851E-020
   291.00000000000000        4.9497765698598277E-020   2.7498094796608834E-020
   292.00000000000000        5.8226863336811376E-020   3.9919152883259236E-020
   293.00000000000000        8.4807674833064808E-020   7.3489911401725067E-020
   294.00000000000000        1.0878551204782911E-019   9.9768318813926641E-020
   295.00000000000000        1.0627732484777444E-019   9.7442429812153237E-020
   296.00000000000000        7.7058813194650396E-020   6.8877107720524060E-020
   297.00000000000000        4.2336936132784392E-020   3.5491155709083786E-020
   298.00000000000000        1.9584532630747285E-020   1.3529335026520268E-020
   299.00000000000000        1.1065256647209556E-020   4.6384632317642645E-021
   300.00000000000000        1.1334329131017075E-020   4.6238691111885172E-021
   301.00000000000000        1.4987890981468354E-020   7.0324859141272105E-021
   302.00000000000000        1.8202441411159429E-020   8.9748220798527116E-021
   303.00000000000000        1.9341128306773197E-020   9.8913901831434906E-021
   304.00000000000000        2.0642707727020877E-020   1.2129400031452313E-020
   305.00000000000000        2.7466897483066306E-020   2.0958246705150467E-020
   306.00000000000000        4.3045147014799282E-020   3.7722571230739463E-020
   307.00000000000000        6.3585587040185653E-020   5.5378332281198718E-020
   308.00000000000000        8.1134322649957969E-020   6.4024199925794988E-020
   309.00000000000000        9.1395015806085770E-020   6.3758078900315601E-020
   310.00000000000000        9.4564881159426459E-020   6.6519092817017905E-020
   311.00000000000000        8.9410635914097910E-020   7.1121126398889421E-020
   312.00000000000000        7.3634014679279087E-020   6.4598636223854302E-020
   313.00000000000000        5.0324423016456329E-020   4.6255106780063777E-020
   314.00000000000000        2.7772574193049705E-020   2.5807959094856313E-020
   315.00000000000000        1.2269786726967796E-020   1.1249303469892165E-020
   316.00000000000000        4.3529062555580789E-021   3.8547671058141264E-021
   317.00000000000000        1.2528288137390826E-021   1.0490133163040279E-021
   318.00000000000000        2.9684902649734587E-022   2.3103985631821896E-022
   319.00000000000000        5.8848816444424033E-023   4.2681571386444848E-023
   320.00000000000000        9.8962122852712663E-024   6.9569260601294755E-024
   321.00000000000000        1.4220104361101960E-024   1.0306120577277911E-024
   322.00000000000000        1.7461534125696290E-025   1.3568110221839990E-025
   323.00000000000000        1.9938301828977425E-026   1.5300769970614188E-026
   324.00000000000000        1.8480034577401373E-026   1.6940020193657236E-026
   325.00000000000000        1.2642684729875750E-025   1.2630737249694568E-025
   326.00000000000000        7.4887550509117853E-025   7.4882388948697516E-025
   327.00000000000000        3.5349581392127431E-024   3.5344023770894556E-024
   328.00000000000000        1.3340873519689770E-023   1.3335371034017460E-023
   329.00000000000000        4.0424752130547902E-023   4.0381265702138186E-023
   330.00000000000000        9.8799113631150431E-023   9.8523952823454314E-023
   331.00000000000000        1.9582881754733147E-022   1.9443053104079371E-022
   332.00000000000000        3.1726256209362705E-022   3.1154593368107160E-022
   333.00000000000000        4.2585816086823637E-022   4.0708566348995188E-022
   334.00000000000000        4.8612628650186881E-022   4.3711915457582927E-022
   335.00000000000000        4.9520049936554339E-022   3.9686515666589227E-022
   336.00000000000000        4.8225704459982224E-022   3.4323209032505955E-022
   337.00000000000000        4.7288096196039330E-022   3.4870475118481497E-022
   338.00000000000000        4.6062377488522640E-022   3.8745973755574449E-022
   339.00000000000000        4.1929458247964411E-022   3.8705946317115866E-022
   340.00000000000000        3.3736342920961071E-022   3.2598265131681349E-022
   341.00000000000000        2.3260356046735136E-022   2.2929088517051382E-022
   342.00000000000000        1.3565642105316465E-022   1.3485128622984097E-022
   343.00000000000000        6.6666177834272730E-023   6.6501661521280177E-023
   344.00000000000000        2.7611663221966687E-023   2.7583272833747474E-023
   345.00000000000000        9.6560990301637273E-024   9.6519464422356029E-024
   346.00000000000000        2.8583592180264913E-024   2.8578427576887434E-024
   347.00000000000000        7.1816619976381816E-025   7.1811141926343517E-025
   348.00000000000000        1.5358291166479626E-025   1.5357794186926378E-025
   349.00000000000000        2.8034124193324989E-026   2.8033737474666999E-026
   350.00000000000000        4.3798698976942413E-027   4.3798440161042458E-027
   351.00000000000000        5.8728963718484483E-028   5.8728814336342005E-028
   352.00000000000000        6.7768559120460896E-029   6.7768484566625253E-029
   353.00000000000000        6.7474148433875708E-030   6.7474116175955001E-030
   354.00000000000000        5.8117760104445981E-031   5.8117747973080363E-031
   355.00000000000000        4.3416266308345631E-032   4.3416262332928909E-032
   356.00000000000000        2.8200654002634898E-033   2.8200652864669122E-033
   357.00000000000000        1.5966192985549515E-034   1.5966192700313197E-034
   358.00000000000000        7.8982923234207579E-036   7.8982922606659504E-036
   359.00000000000000        3.4220859771623121E-037   3.4220859650151331E-037
   360.00000000000000        1.3016469239100306E-038   1.3016469218365859E-038
   361.00000000000000        4.3565377686872640E-040   4.3565377655591432E-040
   362.00000000000000        1.2859387913770724E-041   1.2859387909590334E-041
   363.00000000000000        3.3550388176920640E-043   3.3550388171961058E-043
   364.00000000000000        7.7539830868235551E-045   7.7539830863000713E-045
   365.00000000000000        1.5908814103897946E-046   1.5908814103405326E-046
   366.00000000000000        2.9037306310132256E-048   2.9037306309718079E-048
   367.00000000000000        4.7248159059439318E-050   4.7248159059127569E-050
   368.00000000000000        6.8677243428066447E-052   6.8677243427855957E-052
   369.00000000000000        8.9354146041324760E-054   8.9354146041197047E-054
   370.00000000000000        1.0426783533035394E-055   1.0426783533028416E-055
   371.00000000000000        1.0933655475389408E-057   1.0933655475385966E-057
   372.00000000000000        1.0322652637586681E-059   1.0322652637585145E-059
   373.00000000000000        8.7911533978612107E-062   8.7911533978605907E-062
   374.00000000000000        6.7660184573272318E-064   6.7660184573270024E-064
   375.00000000000000        4.7145920567736103E-066   4.7145920567735344E-066
   376.00000000000000        2.9795896611517084E-068   2.9795896611516857E-068
   377.00000000000000        1.7109413837000318E-070   1.7109413837000263E-070
   378.00000000000000        8.9419547462826863E-073   8.9419547462826699E-073
   379.00000000000000        4.2607732033409928E-075   4.2607732033409893E-075
   380.00000000000000        1.8540898246980959E-077   1.8540898246980947E-077
   381.00000000000000        7.3803230441988598E-080   7.3803230441988553E-080
   382.00000000000000        2.6916980301123706E-082   2.6916980301123694E-082
   383.00000000000000        9.0089931760851795E-085   9.0089931760851784E-085
   384.00000000000000        2.7714459294432947E-087   2.7714459294432942E-087
   385.00000000000000        7.8485051752039365E-090   7.8485051752039365E-090
   386.00000000000000        2.0491658483043998E-092   2.0491658483043991E-092
   387.00000000000000        4.9399823305291340E-095   4.9399823305291340E-095
   388.00000000000000        1.1012090492464054E-097   1.1012090492464055E-097
   389.00000000000000        2.2732010348893533E-100   2.2732010348893530E-100
   390.00000000000000        4.3515807712226687E-103   4.3515807712226687E-103
   391.00000000000000        7.7357926317468813E-106   7.7357926317468832E-106
   392.00000000000000        1.2788180853859371E-108   1.2788180853859369E-108
   393.00000000000000        1.9685518636491751E-111   1.9685518636491748E-111
   394.00000000000000        2.8255147070286342E-114   2.8255147070286328E-114
   395.00000000000000        3.7864311170292583E-117   3.7864311170292590E-117
   396.00000000000000        4.7435592126129829E-120   4.7435592126129829E-120
   397.00000000000000        5.5625172238851107E-123   5.5625172238851107E-123
   398.00000000000000        6.1132667027236847E-126   6.1132667027236847E-126
   399.00000000000000        6.3043992860549229E-129   6.3043992860549229E-129
   400.00000000000000        6.1081176198817149E-132   6.1081176198817149E-132
   401.00000000000000        5.5664832304227655E-135   5.5664832304227655E-135
   402.00000000000000        4.7771900614587626E-138   4.7771900614587626E-138
   403.00000000000000        3.8652927488519665E-141   3.8652927488519665E-141
   404.00000000000000        2.9519072112248306E-144   2.9519072112248312E-144
   405.00000000000000        2.1301873074735970E-147   2.1301873074735973E-147
   406.00000000000000        1.4541335722337609E-150   1.4541335722337609E-150
   407.00000000000000        9.4000743866034158E-154   9.4000743866034184E-154
   408.00000000000000        5.7605025813367793E-157   5.7605025813364611E-157
   409.00000000000000        3.3500080590551949E-160   3.3500070467711563E-160
   410.00000000000000        1.8506948501878898E-163   0.0000000000000000     
   411.00000000000000        9.7222613320037479E-167   0.0000000000000000     
   412.00000000000000        4.8615676987234493E-170   0.0000000000000000     
   413.00000000000000        2.3162646584606552E-173   0.0000000000000000     
   414.00000000000000        1.0525005123722787E-176   0.0000000000000000     
   415.00000000000000        4.5655344670840907E-180   0.0000000000000000     
   416.00000000000000        1.8923544650507872E-183   0.0000000000000000     
   417.00000000000000        7.5016170461498447E-187   0.0000000000000000     
   418.00000000000000        2.8467053801894875E-190   0.0000000000000000     
   419.00000000000000        1.0350299002674233E-193   0.0000000000000000     
   420.00000000000000        3.6088384315302311E-197   0.0000000000000000     
   421.00000000000000        1.2077070380682724E-200   0.0000000000000000     
   422.00000000000000        3.8824416163796535E-204   0.0000000000000000     
   423.00000000000000        1.1999446817295377E-207   0.0000000000000000     
   424.00000000000000        3.5685234782963200E-211   0.0000000000000000     
   425.00000000000000        1.0219730001570356E-214   0.0000000000000000     
   426.00000000000000        2.8207253388260353E-218   0.0000000000000000     
   427.00000000000000        7.5092101667147535E-222   0.0000000000000000     
   428.00000000000000        1.9296388843863248E-225   0.0000000000000000     
   429.00000000000000        4.7900180360687919E-229   0.0000000000000000     
   430.00000000000000        1.1494853104279335E-232   0.0000000000000000     
   431.00000000000000        2.6686747624969980E-236   0.0000000000000000     
   432.00000000000000        5.9983196322460286E-240   0.0000000000000000     
   433.00000000000000        1.3062195279299790E-243   0.0000000000000000     
   434.00000000000000        2.7577913384613366E-247   0.0000000000000000     
   435.00000000000000        5.6489352712288706E-251   0.0000000000000000     
   436.00000000000000        1.1233843896243953E-254   0.0000000000000000     
   437.00000000000000        2.1703950540587405E-258   0.0000000000000000     
   438.00000000000000        4.0764800565116640E-262   0.0000000000000000     
   439.00000000000000        7.4481948573462141E-266   0.0000000000000000     
   440.00000000000000        1.3246910053889216E-269   0.0000000000000000     
   441.00000000000000        2.2948291420619225E-273   0.0000000000000000     
   442.00000000000000        3.8746141233790078E-277   0.0000000000000000     
   443.00000000000000        6.3799141792822728E-281   0.0000000000000000     
   444.00000000000000        1.0251120406501174E-284   0.0000000000000000     
   445.00000000000000        1.6082581038691777E-288   0.0000000000000000     
   446.00000000000000        2.4650282347518823E-292   0.0000000000000000     
   447.00000000000000        3.6933433956474571E-296   0.0000000000000000     
   448.00000000000000        5.4124659027194915E-300   0.0000000000000000     
   449.00000000000000        7.7623033799300127E-304   0.0000000000000000     
   450.00000000000000        1.0900452718082402E-307   0.0000000000000000     
   451.00000000000000        1.4996565130114418E-311   0.0000000000000000     
   452.00000000000000        2.0223840955885995E-315   0.0000000000000000     
   453.00000000000000        2.6747725934553405E-319   0.0000000000000000     
   454.00000000000000        3.4584595208887258E-323   0.0000000000000000  
