5 431          # first data record, number of data records
# XS_nm_spectr_hgbroh_cas1211_vtzp_d10.txt
# without temperature correction
# E[nm] sigma(E)[cm2/molecule]
   170.00000000000000        3.0162902321317166E-018   1.0573277335831094E-018
   171.00000000000000        3.9855244270042411E-018   1.2381480574264951E-018
   172.00000000000000        4.3915819249627735E-018   1.1995846959534683E-018
   173.00000000000000        5.1519028580207569E-018   1.2895919396197080E-018
   174.00000000000000        6.5965301817793726E-018   1.6533823852262095E-018
   175.00000000000000        7.9649107633436504E-018   1.7764170061681876E-018
   176.00000000000000        9.5741460899330903E-018   1.8507067523911644E-018
   177.00000000000000        1.2654695888201213E-017   2.1861191623301710E-018
   178.00000000000000        1.6888310527785297E-017   2.4497938804919109E-018
   179.00000000000000        2.0592552719387464E-017   2.6017501235122043E-018
   180.00000000000000        2.2198213425914096E-017   2.6607442895389577E-018
   181.00000000000000        2.1355029134654671E-017   2.5688149899022716E-018
   182.00000000000000        2.0081608983419127E-017   2.2513680548458160E-018
   183.00000000000000        2.0879592526422285E-017   2.2338450257912330E-018
   184.00000000000000        2.2930746659077608E-017   2.3310679027021634E-018
   185.00000000000000        2.4257316511213966E-017   2.2207342821302295E-018
   186.00000000000000        2.4897903084079948E-017   2.1953650214765764E-018
   187.00000000000000        2.5554209174043429E-017   2.2191737641630799E-018
   188.00000000000000        2.6364109466953767E-017   2.3182401256419949E-018
   189.00000000000000        2.6968950838383169E-017   2.4320217083064382E-018
   190.00000000000000        2.7157526657160664E-017   2.5021506077507013E-018
   191.00000000000000        2.7108882580171320E-017   2.4497728759202473E-018
   192.00000000000000        2.6787506302812345E-017   2.2828990461659803E-018
   193.00000000000000        2.5815478255307530E-017   2.1134178704776089E-018
   194.00000000000000        2.4254898789438252E-017   2.0309631561025413E-018
   195.00000000000000        2.2821527860875773E-017   2.0504450008215650E-018
   196.00000000000000        2.2125689411879171E-017   2.0799078342541061E-018
   197.00000000000000        2.2196717101864451E-017   2.1085662210916979E-018
   198.00000000000000        2.2406733478572262E-017   2.1352010822194418E-018
   199.00000000000000        2.1771883358452739E-017   2.0868840943550641E-018
   200.00000000000000        1.9835548231315437E-017   1.8829083902416422E-018
   201.00000000000000        1.7023096573591185E-017   1.6412542110165955E-018
   202.00000000000000        1.4102569998817867E-017   1.4069413177494760E-018
   203.00000000000000        1.1809192691441133E-017   1.1761846528079531E-018
   204.00000000000000        1.0655381045381525E-017   1.0918190002423390E-018
   205.00000000000000        1.0688089882477084E-017   1.2105855946836013E-018
   206.00000000000000        1.1550971655026261E-017   1.4747438482894329E-018
   207.00000000000000        1.2739671968754543E-017   1.7568327601075565E-018
   208.00000000000000        1.3752514225756928E-017   1.8912465361400531E-018
   209.00000000000000        1.4216921279075234E-017   1.8360363553900664E-018
   210.00000000000000        1.4052299080670746E-017   1.7251017904133572E-018
   211.00000000000000        1.3475095111634808E-017   1.6580953332332742E-018
   212.00000000000000        1.2769884617449823E-017   1.6060859478503382E-018
   213.00000000000000        1.2031990838279653E-017   1.5688752131227300E-018
   214.00000000000000        1.1118181242177888E-017   1.5191599232003817E-018
   215.00000000000000        9.8560302802708579E-018   1.3792270023713460E-018
   216.00000000000000        8.2999646898440824E-018   1.1410101534515424E-018
   217.00000000000000        6.7614584145455470E-018   9.0587067432193364E-019
   218.00000000000000        5.6061635795072726E-018   8.0661268920427638E-019
   219.00000000000000        5.0390149618927955E-018   8.8130342873888309E-019
   220.00000000000000        5.0031992012175608E-018   1.0756944214576820E-018
   221.00000000000000        5.1903973554858616E-018   1.2605725633218315E-018
   222.00000000000000        5.2137925783748291E-018   1.2781379703978147E-018
   223.00000000000000        4.9006897224785440E-018   1.0928394541262223E-018
   224.00000000000000        4.4208168135499854E-018   8.5103146161988170E-019
   225.00000000000000        4.0804151375028776E-018   7.9845016761196915E-019
   226.00000000000000        4.0057767795374615E-018   1.0102520398274581E-018
   227.00000000000000        4.0428864021620138E-018   1.2741572273680540E-018
   228.00000000000000        3.9317568305091195E-018   1.3663371749795457E-018
   229.00000000000000        3.5473309092574116E-018   1.2034036154905657E-018
   230.00000000000000        2.9794387050028976E-018   8.7201244302742939E-019
   231.00000000000000        2.4207762421627916E-018   5.3462159399776620E-019
   232.00000000000000        2.0152139511255833E-018   3.1101576321806044E-019
   233.00000000000000        1.7998891494237338E-018   2.3164656129052748E-019
   234.00000000000000        1.7370740828049568E-018   2.3490833738947858E-019
   235.00000000000000        1.7652126076445199E-018   2.5078704850639443E-019
   236.00000000000000        1.8273321131194826E-018   2.5719135907309596E-019
   237.00000000000000        1.8755983719153756E-018   2.6367078122085250E-019
   238.00000000000000        1.8689385712422427E-018   2.8127353045629472E-019
   239.00000000000000        1.7811413551698859E-018   2.9523871786237095E-019
   240.00000000000000        1.6179344126637815E-018   2.8288598049808432E-019
   241.00000000000000        1.4208677662327526E-018   2.4195829374102348E-019
   242.00000000000000        1.2444870693588134E-018   1.9328629104144752E-019
   243.00000000000000        1.1231552302958918E-018   1.6348576886229415E-019
   244.00000000000000        1.0552380982888514E-018   1.5948019488481810E-019
   245.00000000000000        1.0137595023864761E-018   1.6495096356082539E-019
   246.00000000000000        9.7021808364584796E-019   1.6408953942344127E-019
   247.00000000000000        9.1289370310553019E-019   1.5250869790741441E-019
   248.00000000000000        8.4959393817419071E-019   1.3619829619564469E-019
   249.00000000000000        7.9686543378553248E-019   1.2618938025211507E-019
   250.00000000000000        7.6604320934560709E-019   1.2857694320765488E-019
   251.00000000000000        7.5648885777486018E-019   1.3797334217365116E-019
   252.00000000000000        7.5853943656271774E-019   1.4495035766197115E-019
   253.00000000000000        7.6058764370210027E-019   1.4541886601039642E-019
   254.00000000000000        7.5368841618304889E-019   1.4245865400597102E-019
   255.00000000000000        7.3230806100692604E-019   1.4156540347654012E-019
   256.00000000000000        6.9413650538876453E-019   1.4320966839100612E-019
   257.00000000000000        6.4087002794791245E-019   1.4247370416198727E-019
   258.00000000000000        5.7853373897613515E-019   1.3593537307777463E-019
   259.00000000000000        5.1544784436647964E-019   1.2488166434545776E-019
   260.00000000000000        4.5864136416960309E-019   1.1274336512480564E-019
   261.00000000000000        4.1139725476361123E-019   1.0229014712555184E-019
   262.00000000000000        3.7348758885237707E-019   9.4942427010717906E-020
   263.00000000000000        3.4334364152085641E-019   9.0085220862340354E-020
   264.00000000000000        3.2030989719878727E-019   8.5415666443178191E-020
   265.00000000000000        3.0552423242658065E-019   8.0033009717875878E-020
   266.00000000000000        3.0096589991362988E-019   7.7016321515694694E-020
   267.00000000000000        3.0730721900051205E-019   8.1495485054749486E-020
   268.00000000000000        3.2205772088767385E-019   9.4170492163907533E-020
   269.00000000000000        3.3948630969247937E-019   1.0973658846174124E-019
   270.00000000000000        3.5265702875330025E-019   1.2192742119782979E-019
   271.00000000000000        3.5634435877706945E-019   1.2673628850656557E-019
   272.00000000000000        3.4891215331887465E-019   1.2314282802951071E-019
   273.00000000000000        3.3209069396080656E-019   1.1297138228796320E-019
   274.00000000000000        3.0923356203945439E-019   9.9933462803303067E-020
   275.00000000000000        2.8360308980877822E-019   8.7735255397009628E-020
   276.00000000000000        2.5773828424888504E-019   7.8565604242369610E-020
   277.00000000000000        2.3367958822426972E-019   7.3849150997649884E-020
   278.00000000000000        2.1313079242645934E-019   7.5376411183836448E-020
   279.00000000000000        1.9711695436098302E-019   8.2923613267277191E-020
   280.00000000000000        1.8561672960137436E-019   9.2217943556841925E-020
   281.00000000000000        1.7789809112755749E-019   9.7777708940480595E-020
   282.00000000000000        1.7361811806426989E-019   9.6354529217446192E-020
   283.00000000000000        1.7392158119451087E-019   8.8292699157674032E-020
   284.00000000000000        1.8163414586380060E-019   7.7376729882223716E-020
   285.00000000000000        2.0027919909974787E-019   6.9472513942483615E-020
   286.00000000000000        2.3244788860263533E-019   6.9031468116527288E-020
   287.00000000000000        2.7841075870779892E-019   7.5217011692630008E-020
   288.00000000000000        3.3564614811335512E-019   8.3891993366491805E-020
   289.00000000000000        3.9944520027201080E-019   9.1824552150612840E-020
   290.00000000000000        4.6426324428155610E-019   9.7605570579984589E-020
   291.00000000000000        5.2521259139329044E-019   1.0112730509166797E-019
   292.00000000000000        5.7910073548240275E-019   1.0316951476672990E-019
   293.00000000000000        6.2469151650890580E-019   1.0496656284172195E-019
   294.00000000000000        6.6226868904171790E-019   1.0744298581284155E-019
   295.00000000000000        6.9287902781287369E-019   1.1048296848853363E-019
   296.00000000000000        7.1765044926363323E-019   1.1297879824815928E-019
   297.00000000000000        7.3736061921637218E-019   1.1367509691458418E-019
   298.00000000000000        7.5220114816784327E-019   1.1206595279549734E-019
   299.00000000000000        7.6164036547160237E-019   1.0874670020027144E-019
   300.00000000000000        7.6441793507349068E-019   1.0506105755086670E-019
   301.00000000000000        7.5881379052189651E-019   1.0223831814484260E-019
   302.00000000000000        7.4326144114494546E-019   1.0063924097775592E-019
   303.00000000000000        7.1715458015771523E-019   9.9815905466044717E-020
   304.00000000000000        6.8151149475150518E-019   9.9345075043480644E-020
   305.00000000000000        6.3917248977460707E-019   9.9733454848981796E-020
   306.00000000000000        5.9441088438478100E-019   1.0287876446490032E-019
   307.00000000000000        5.5210222067241171E-019   1.1167149224883595E-019
   308.00000000000000        5.1677089619042129E-019   1.2828727174778771E-019
   309.00000000000000        4.9185180621442736E-019   1.5224912753319447E-019
   310.00000000000000        4.7938600913128783E-019   1.8039466234767727E-019
   311.00000000000000        4.8017642127531904E-019   2.0863064017595396E-019
   312.00000000000000        4.9424000090423880E-019   2.3400332842732921E-019
   313.00000000000000        5.2128981741813303E-019   2.5613288298009180E-019
   314.00000000000000        5.6102256663493904E-019   2.7718147809966949E-019
   315.00000000000000        6.1315885682854590E-019   2.9988803464063501E-019
   316.00000000000000        6.7737808126272708E-019   3.2487383764923702E-019
   317.00000000000000        7.5336915585640382E-019   3.4977075184224510E-019
   318.00000000000000        8.4111866329375076E-019   3.7103321707668658E-019
   319.00000000000000        9.4134640331478692E-019   3.8659581836276162E-019
   320.00000000000000        1.0558274084346965E-018   3.9732218998461670E-019
   321.00000000000000        1.1873311552365709E-018   4.0651165289853027E-019
   322.00000000000000        1.3390671663642406E-018   4.1788825714228902E-019
   323.00000000000000        1.5137465284165978E-018   4.3344077193571458E-019
   324.00000000000000        1.7125246503742596E-018   4.5275499984745125E-019
   325.00000000000000        1.9341221005259318E-018   4.7421175343778302E-019
   326.00000000000000        2.1743559708952062E-018   4.9672139627573239E-019
   327.00000000000000        2.4262218077061120E-018   5.2044436616437484E-019
   328.00000000000000        2.6805867296938796E-018   5.4603823908344392E-019
   329.00000000000000        2.9274755621327114E-018   5.7319835148512154E-019
   330.00000000000000        3.1578172804579603E-018   5.9981773927750847E-019
   331.00000000000000        3.3653614829434345E-018   6.2252542155747111E-019
   332.00000000000000        3.5483239589474594E-018   6.3819509758777570E-019
   333.00000000000000        3.7102628934847825E-018   6.4542657195761515E-019
   334.00000000000000        3.8597911212806148E-018   6.4528858012921809E-019
   335.00000000000000        4.0089976897147665E-018   6.4117321206454108E-019
   336.00000000000000        4.1708105871362418E-018   6.3795988263905604E-019
   337.00000000000000        4.3558632670984190E-018   6.4074537160180484E-019
   338.00000000000000        4.5696163756121648E-018   6.5335791927094823E-019
   339.00000000000000        4.8104659123621313E-018   6.7701228363693629E-019
   340.00000000000000        5.0693407066302033E-018   7.0970382443386556E-019
   341.00000000000000        5.3309204766542615E-018   7.4675287020786070E-019
   342.00000000000000        5.5761977867462692E-018   7.8222627945904326E-019
   343.00000000000000        5.7857787688407791E-018   8.1049997096640419E-019
   344.00000000000000        5.9431581533792633E-018   8.2736721530487869E-019
   345.00000000000000        6.0372506699772264E-018   8.3051099427014219E-019
   346.00000000000000        6.0636882123477371E-018   8.1948186332350866E-019
   347.00000000000000        6.0247255849162934E-018   7.9544357918184727E-019
   348.00000000000000        5.9279397118241366E-018   7.6088313829799380E-019
   349.00000000000000        5.7841682114761881E-018   7.1931398809486395E-019
   350.00000000000000        5.6052547164082048E-018   6.7486250031779161E-019
   351.00000000000000        5.4021341398300808E-018   6.3163025659440314E-019
   352.00000000000000        5.1836267945374939E-018   5.9289372706920690E-019
   353.00000000000000        4.9560728725923935E-018   5.6043858130865357E-019
   354.00000000000000        4.7236999206835756E-018   5.3440047763620892E-019
   355.00000000000000        4.4894414929452908E-018   5.1371350264925084E-019
   356.00000000000000        4.2558564346058433E-018   4.9683165346452302E-019
   357.00000000000000        4.0258407395457637E-018   4.8224470846362069E-019
   358.00000000000000        3.8029483223840886E-018   4.6859852232062096E-019
   359.00000000000000        3.5912923621500914E-018   4.5460803292511238E-019
   360.00000000000000        3.3951321848069796E-018   4.3906576870899212E-019
   361.00000000000000        3.2183251560813738E-018   4.2107658469620967E-019
   362.00000000000000        3.0638276135212688E-018   4.0041255285723545E-019
   363.00000000000000        2.9333767518812483E-018   3.7778545862266518E-019
   364.00000000000000        2.8274048886362849E-018   3.5490245173666000E-019
   365.00000000000000        2.7451597309850189E-018   3.3429216443580089E-019
   366.00000000000000        2.6849527259352984E-018   3.1895045566789370E-019
   367.00000000000000        2.6444429277472592E-018   3.1182418700596164E-019
   368.00000000000000        2.6208832537990148E-018   3.1512631691550969E-019
   369.00000000000000        2.6112965895486364E-018   3.2962708161633405E-019
   370.00000000000000        2.6125933229852885E-018   3.5429002526521499E-019
   371.00000000000000        2.6216731702559778E-018   3.8648808740205600E-019
   372.00000000000000        2.6355624712303798E-018   4.2261224584603673E-019
   373.00000000000000        2.6516223451780809E-018   4.5874425972180198E-019
   374.00000000000000        2.6678307330253186E-018   4.9123709644224349E-019
   375.00000000000000        2.6831053546380297E-018   5.1718299704449511E-019
   376.00000000000000        2.6976083086672585E-018   5.3476418115664157E-019
   377.00000000000000        2.7129653098014411E-018   5.4346402620641542E-019
   378.00000000000000        2.7323449894758776E-018   5.4411524585344098E-019
   379.00000000000000        2.7603707956690791E-018   5.3877246024662976E-019
   380.00000000000000        2.8028701145481805E-018   5.3040720924984892E-019
   381.00000000000000        2.8664924916660951E-018   5.2243587735964197E-019
   382.00000000000000        2.9582448737575037E-018   5.1812635149215398E-019
   383.00000000000000        3.0849952928776607E-018   5.2000461585110032E-019
   384.00000000000000        3.2529904232519521E-018   5.2945464581144130E-019
   385.00000000000000        3.4674220952246993E-018   5.4666354448620640E-019
   386.00000000000000        3.7320677044461426E-018   5.7087622955870999E-019
   387.00000000000000        4.0490216570234458E-018   6.0075158248764972E-019
   388.00000000000000        4.4185289831449049E-018   6.3462477067015322E-019
   389.00000000000000        4.8389258851321611E-018   6.7063121361748283E-019
   390.00000000000000        5.3066833537246054E-018   7.0677143245374735E-019
   391.00000000000000        5.8165390017075226E-018   7.4101406770159745E-019
   392.00000000000000        6.3616912327559018E-018   7.7147974168667723E-019
   393.00000000000000        6.9340227889325917E-018   7.9668443036219380E-019
   394.00000000000000        7.5243216440499059E-018   8.1578478282460035E-019
   395.00000000000000        8.1224782935172175E-018   8.2876272404257376E-019
   396.00000000000000        8.7176586393913757E-018   8.3649806549476436E-019
   397.00000000000000        9.2984762774367763E-018   8.4069114314693814E-019
   398.00000000000000        9.8532099727581976E-018   8.4360979971233882E-019
   399.00000000000000        1.0370123889709820E-017   8.4765869171979616E-019
   400.00000000000000        1.0837943996196515E-017   8.5482220541087878E-019
   401.00000000000000        1.1246522034067757E-017   8.6611183422088922E-019
   402.00000000000000        1.1587681242026335E-017   8.8120409290587228E-019
   403.00000000000000        1.1856192602949601E-017   8.9841707221212326E-019
   404.00000000000000        1.2050786404285612E-017   9.1504084429201869E-019
   405.00000000000000        1.2175071341393706E-017   9.2790195546353706E-019
   406.00000000000000        1.2238220197354950E-017   9.3399662140130621E-019
   407.00000000000000        1.2255291324200916E-017   9.3107135622651514E-019
   408.00000000000000        1.2247087987008077E-017   9.1810258603742652E-019
   409.00000000000000        1.2239507904722284E-017   8.9567891221031072E-019
   410.00000000000000        1.2262394653142906E-017   8.6630254798463142E-019
   411.00000000000000        1.2347961338330572E-017   8.3458626787712514E-019
   412.00000000000000        1.2528906172305938E-017   8.0720073167899037E-019
   413.00000000000000        1.2836372689883414E-017   7.9223035962509712E-019
   414.00000000000000        1.3297921005409401E-017   7.9754760317772465E-019
   415.00000000000000        1.3935670809512582E-017   8.2842201407824659E-019
   416.00000000000000        1.4764754721844849E-017   8.8572702154086963E-019
   417.00000000000000        1.5792187013791825E-017   9.6613232732800266E-019
   418.00000000000000        1.7016213193590930E-017   1.0639253464188769E-018
   419.00000000000000        1.8426165758642104E-017   1.1729487608183693E-018
   420.00000000000000        2.0002814679180886E-017   1.2877658529960606E-018
   421.00000000000000        2.1719170444836597E-017   1.4040874119753065E-018
   422.00000000000000        2.3541673776263355E-017   1.5187766281518356E-018
   423.00000000000000        2.5431689132384598E-017   1.6296608644496290E-018
   424.00000000000000        2.7347207987093528E-017   1.7352662603966331E-018
   425.00000000000000        2.9244661474404624E-017   1.8345409779650982E-018
   426.00000000000000        3.1080739789165485E-017   1.9266224512586405E-018
   427.00000000000000        3.2814117739376608E-017   2.0106997837875063E-018
   428.00000000000000        3.4406992753882667E-017   2.0860054963276698E-018
   429.00000000000000        3.5826354390055587E-017   2.1519380561676919E-018
   430.00000000000000        3.7044923587795204E-017   2.2082763849857209E-018
   431.00000000000000        3.8041725316642242E-017   2.2554127189733112E-018
   432.00000000000000        3.8802288308634700E-017   2.2945117875622183E-018
   433.00000000000000        3.9318497357386641E-017   2.3275089444315150E-018
   434.00000000000000        3.9588153291402276E-017   2.3568908856826024E-018
   435.00000000000000        3.9614319000193673E-017   2.3852597962799833E-018
   436.00000000000000        3.9404543205257709E-017   2.4147567485239985E-018
   437.00000000000000        3.8970054864979853E-017   2.4464891582391393E-018
   438.00000000000000        3.8325010032003036E-017   2.4801337162323399E-018
   439.00000000000000        3.7485851631763086E-017   2.5138437448671832E-018
   440.00000000000000        3.6470814780262276E-017   2.5444895992459764E-018
   441.00000000000000        3.5299580729922337E-017   2.5681527992448869E-018
   442.00000000000000        3.3993056229214221E-017   2.5807321429360269E-018
   443.00000000000000        3.2573236045997730E-017   2.5785209947127364E-018
   444.00000000000000        3.1063097097092999E-017   2.5586591316810909E-018
   445.00000000000000        2.9486473585170034E-017   2.5194175730859840E-018
   446.00000000000000        2.7867872458333277E-017   2.4603189539786867E-018
   447.00000000000000        2.6232204658001376E-017   2.3821231300920362E-018
   448.00000000000000        2.4604426545919740E-017   2.2867211609039520E-018
   449.00000000000000        2.3009104130001809E-017   2.1769864755763276E-018
   450.00000000000000        2.1469927391709210E-017   2.0566346199910061E-018
   451.00000000000000        2.0009211345339989E-017   1.9301447553607840E-018
   452.00000000000000        1.8647423812858841E-017   1.8027952537559006E-018
   453.00000000000000        1.7402777743885176E-017   1.6808523453027232E-018
   454.00000000000000        1.6290919507536810E-017   1.5718981863751066E-018
   455.00000000000000        1.5324735588783244E-017   1.4851440743725624E-018
   456.00000000000000        1.4514290202498334E-017   1.4313163971701305E-018
   457.00000000000000        1.3866896855819259E-017   1.4214997474807469E-018
   458.00000000000000        1.3387318720039984E-017   1.4647423864030403E-018
   459.00000000000000        1.3078086166262998E-017   1.5655615421016676E-018
   460.00000000000000        1.2939914877584682E-017   1.7232470748199572E-018
   461.00000000000000        1.2972204194092171E-017   1.9333794912466327E-018
   462.00000000000000        1.3173592303727073E-017   2.1900648499362127E-018
   463.00000000000000        1.3542542174519698E-017   2.4874876380330550E-018
   464.00000000000000        1.4077929550522863E-017   2.8205470988209044E-018
   465.00000000000000        1.4779601981155293E-017   3.1849466992763534E-018
   466.00000000000000        1.5648876035777048E-017   3.5770824871466341E-018
   467.00000000000000        1.6688939049470588E-017   3.9938966075562997E-018
   468.00000000000000        1.7905122486573844E-017   4.4327426312739191E-018
   469.00000000000000        1.9305016775943208E-017   4.8912625599236479E-018
   470.00000000000000        2.0898402598626517E-017   5.3672691957662179E-018
   471.00000000000000        2.2696981215251071E-017   5.8586371490143253E-018
   472.00000000000000        2.4713896386358376E-017   6.3632171376342457E-018
   473.00000000000000        2.6963052402410018E-017   6.8787939689144443E-018
   474.00000000000000        2.9458246119229576E-017   7.4031053087647599E-018
   475.00000000000000        3.2212144919074784E-017   7.9339260072695476E-018
   476.00000000000000        3.5235156266421659E-017   8.4692042361195958E-018
   477.00000000000000        3.8534246971414395E-017   9.0072159955656426E-018
   478.00000000000000        4.2111780325838980E-017   9.5466895538781860E-018
   479.00000000000000        4.5964445858896143E-017   1.0086846513898442E-017
   480.00000000000000        5.0082358592467052E-017   1.0627315095803790E-017
   481.00000000000000        5.4448401582648420E-017   1.1167894514205820E-017
   482.00000000000000        5.9037876766023988E-017   1.1708183675819251E-017
   483.00000000000000        6.3818514676314091E-017   1.2247125327423044E-017
   484.00000000000000        6.8750873979939973E-017   1.2782547859639411E-017
   485.00000000000000        7.3789138084754283E-017   1.3310801048922621E-017
   486.00000000000000        7.8882289926199098E-017   1.3826573169424183E-017
   487.00000000000000        8.3975619473341913E-017   1.4322946388663970E-017
   488.00000000000000        8.9012493803717420E-017   1.4791703533820136E-017
   489.00000000000000        9.3936299045040319E-017   1.5223854243828970E-017
   490.00000000000000        9.8692449077072650E-017   1.5610313161742240E-017
   491.00000000000000        1.0323034911009228E-016   1.5942643418967360E-017
   492.00000000000000        1.0750520387124999E-016   1.6213775890715880E-017
   493.00000000000000        1.1147957007167175E-016   1.6418625165578929E-017
   494.00000000000000        1.1512457019561764E-016   1.6554541824907817E-017
   495.00000000000000        1.1842070781539890E-016   1.6621562759268906E-017
   496.00000000000000        1.2135825142017574E-016   1.6622443492706831E-017
   497.00000000000000        1.2393718170133549E-016   1.6562476960649915E-017
   498.00000000000000        1.2616672391576974E-016   1.6449121151126950E-017
   499.00000000000000        1.2806451018279094E-016   1.6291473335945651E-017
   500.00000000000000        1.2965543469322639E-016   1.6099641217941758E-017
   501.00000000000000        1.3097027679990060E-016   1.5884070731965985E-017
   502.00000000000000        1.3204417249987281E-016   1.5654895312996753E-017
   503.00000000000000        1.3291501426176502E-016   1.5421370434723141E-017
   504.00000000000000        1.3362185340467594E-016   1.5191448352814387E-017
   505.00000000000000        1.3420336959648476E-016   1.4971530498392125E-017
   506.00000000000000        1.3469646000124889E-016   1.4766410205700744E-017
   507.00000000000000        1.3513498765935868E-016   1.4579390345716702E-017
   508.00000000000000        1.3554871615033954E-016   1.4412534747996294E-017
   509.00000000000000        1.3596244648801001E-016   1.4266994805055782E-017
   510.00000000000000        1.3639536317982833E-016   1.4143347031654838E-017
   511.00000000000000        1.3686058970417192E-016   1.4041883888318171E-017
   512.00000000000000        1.3736494921924535E-016   1.3962816021060274E-017
   513.00000000000000        1.3790892372586505E-016   1.3906364635003530E-017
   514.00000000000000        1.3848680358333658E-016   1.3872743407879595E-017
   515.00000000000000        1.3908701856001772E-016   1.3862046726558731E-017
   516.00000000000000        1.3969264084606331E-016   1.3874073194895604E-017
   517.00000000000000        1.4028204913365122E-016   1.3908119709884548E-017
   518.00000000000000        1.4082974062370270E-016   1.3962782196883233E-017
   519.00000000000000        1.4130727450491252E-016   1.4035795133706307E-017
   520.00000000000000        1.4168432614934406E-016   1.4123934459506209E-017
   521.00000000000000        1.4192982626041992E-016   1.4222998829792565E-017
   522.00000000000000        1.4201315393728185E-016   1.4327874050622347E-017
   523.00000000000000        1.4190534763287625E-016   1.4432676387146762E-017
   524.00000000000000        1.4158029386973658E-016   1.4530963377635686E-017
   525.00000000000000        1.4101585089753473E-016   1.4615996304395353E-017
   526.00000000000000        1.4019486370037015E-016   1.4681036524998314E-017
   527.00000000000000        1.3910602821886632E-016   1.4719658000990796E-017
   528.00000000000000        1.3774456649498893E-016   1.4726059955833128E-017
   529.00000000000000        1.3611268063395233E-016   1.4695366044486480E-017
   530.00000000000000        1.3421976177124648E-016   1.4623899229616043E-017
   531.00000000000000        1.3208234022171938E-016   1.4509424353556125E-017
   532.00000000000000        1.2972377411771250E-016   1.4351352850092493E-017
   533.00000000000000        1.2717368546368022E-016   1.4150905820390212E-017
   534.00000000000000        1.2446716395025796E-016   1.3911232389155223E-017
   535.00000000000000        1.2164376939609486E-016   1.3637479336917520E-017
   536.00000000000000        1.1874637269740746E-016   1.3336804873717497E-017
   537.00000000000000        1.1581988214616642E-016   1.3018323569433085E-017
   538.00000000000000        1.1290990655215215E-016   1.2692960871925271E-017
   539.00000000000000        1.1006140855880278E-016   1.2373185582312130E-017
   540.00000000000000        1.0731740083599918E-016   1.2072580797230652E-017
   541.00000000000000        1.0471773458890410E-016   1.1805215328919660E-017
   542.00000000000000        1.0229802431396974E-016   1.1584798611676610E-017
   543.00000000000000        1.0008874535653716E-016   1.1423651270861328E-017
   544.00000000000000        9.8114532062735106E-017   1.1331598432327053E-017
   545.00000000000000        9.6393694706130121E-017   1.1314969589504948E-017
   546.00000000000000        9.4937963454060291E-017   1.1375923684420226E-017
   547.00000000000000        9.3752457944157455E-017   1.1512271999919120E-017
   548.00000000000000        9.2835872038726059E-017   1.1717846373516758E-017
   549.00000000000000        9.2180855405763001E-017   1.1983310570776391E-017
   550.00000000000000        9.1774567037869481E-017   1.2297210968960361E-017
   551.00000000000000        9.1599370858067551E-017   1.2647047604734936E-017
   552.00000000000000        9.1633640264165587E-017   1.3020202955075004E-017
   553.00000000000000        9.1852636822215823E-017   1.3404648610101101E-017
   554.00000000000000        9.2229428239941460E-017   1.3789420224034722E-017
   555.00000000000000        9.2735812067826380E-017   1.4164892529595496E-017
   556.00000000000000        9.3343214072582510E-017   1.4522901241329924E-017
   557.00000000000000        9.4023533657042420E-017   1.4856757319680496E-017
   558.00000000000000        9.4749912801737351E-017   1.5161190686671951E-017
   559.00000000000000        9.5497409520895889E-017   1.5432250958381632E-017
   560.00000000000000        9.6243561522879386E-017   1.5667184750160250E-017
   561.00000000000000        9.6968830435785797E-017   1.5864303272446697E-017
   562.00000000000000        9.7656921433850683E-017   1.6022849982226620E-017
   563.00000000000000        9.8294977250447459E-017   1.6142875412442987E-017
   564.00000000000000        9.8873649300043177E-017   1.6225124416640584E-017
   565.00000000000000        9.9387051902303215E-017   1.6270939522152592E-017
   566.00000000000000        9.9832608385786579E-017   1.6282182617514271E-017
   567.00000000000000        1.0021080014973413E-016   1.6261175673746053E-017
   568.00000000000000        1.0052483160049080E-016   1.6210659577162540E-017
   569.00000000000000        1.0078022528360488E-016   1.6133768461762359E-017
   570.00000000000000        1.0098436253594220E-016   1.6034015241392867E-017
   571.00000000000000        1.0114598561428810E-016   1.5915282450849858E-017
   572.00000000000000        1.0127467754211635E-016   1.5781811127622675E-017
   573.00000000000000        1.0138033587140704E-016   1.5638179447532224E-017
   574.00000000000000        1.0147265619126067E-016   1.5489262356196509E-017
   575.00000000000000        1.0156064053378307E-016   1.5340163756693896E-017
   576.00000000000000        1.0165214483187235E-016   1.5196114211656923E-017
   577.00000000000000        1.0175347827575411E-016   1.5062329884021880E-017
   578.00000000000000        1.0186906580288329E-016   1.4943832754989670E-017
   579.00000000000000        1.0200118305522464E-016   1.4845237926087901E-017
   580.00000000000000        1.0214977097647646E-016   1.4770520483492426E-017
   581.00000000000000        1.0231233484047573E-016   1.4722780866718728E-017
   582.00000000000000        1.0248392995585877E-016   1.4704032374708734E-017
   583.00000000000000        1.0265723364944861E-016   1.4715035731051455E-017
   584.00000000000000        1.0282270047151356E-016   1.4755202441326689E-017
   585.00000000000000        1.0296879497775514E-016   1.4822581077123598E-017
   586.00000000000000        1.0308229401722174E-016   1.4913930038600196E-017
   587.00000000000000        1.0314864828291778E-016   1.5024869191418081E-017
   588.00000000000000        1.0315239104718292E-016   1.5150093597164090E-017
   589.00000000000000        1.0307758058047114E-016   1.5283627151851483E-017
   590.00000000000000        1.0290826179800906E-016   1.5419092835657495E-017
   591.00000000000000        1.0262893223299140E-016   1.5549978775173037E-017
   592.00000000000000        1.0222499751500554E-016   1.5669884039642558E-017
   593.00000000000000        1.0168320213303689E-016   1.5772733550714303E-017
   594.00000000000000        1.0099202235579609E-016   1.5852956537866165E-017
   595.00000000000000        1.0014200971911978E-016   1.5905626983403593E-017
   596.00000000000000        9.9126075403014602E-017   1.5926567291861317E-017
   597.00000000000000        9.7939708026664998E-017   1.5912418108086183E-017
   598.00000000000000        9.6581119794787824E-017   1.5860678052085311E-017
   599.00000000000000        9.5051318433501556E-017   1.5769717411346748E-017
   600.00000000000000        9.3354104857769184E-017   1.5638769762383974E-017
