5 431          # first data record, number of data records
# XS_nm_spectr_trans_hgbrono_cas1612_vtzp_d10.txt
# without temperature correction
# E[nm] sigma(E)[cm2/molecule]
   170.00000000000000        2.7616850427987215E-017   3.4098964759482959E-018
   171.00000000000000        2.5378743723593760E-017   3.2106914209684129E-018
   172.00000000000000        2.3949662247423152E-017   3.0300835952859053E-018
   173.00000000000000        2.6628124953316225E-017   3.2277116093030690E-018
   174.00000000000000        3.3459235365489822E-017   4.1012655178094129E-018
   175.00000000000000        3.9761007876050075E-017   4.8967294369753752E-018
   176.00000000000000        4.1050914555447117E-017   4.8801111206095562E-018
   177.00000000000000        3.9087667953427793E-017   4.3823379272861245E-018
   178.00000000000000        3.8018732929791136E-017   4.3764526747715795E-018
   179.00000000000000        3.8499488514970254E-017   4.8210604635563785E-018
   180.00000000000000        3.8699828245035034E-017   5.3810172094220625E-018
   181.00000000000000        3.9089016677535539E-017   6.0252898985745534E-018
   182.00000000000000        4.1856366266030275E-017   7.4362926003988475E-018
   183.00000000000000        4.5722425065989029E-017   7.9482474988477713E-018
   184.00000000000000        4.9709571084112771E-017   7.4198324809176041E-018
   185.00000000000000        5.6286534159492772E-017   6.8846026939119983E-018
   186.00000000000000        6.6581175080674364E-017   7.6238338720893564E-018
   187.00000000000000        7.7618088778607613E-017   9.1357833270758239E-018
   188.00000000000000        8.7039653369127952E-017   9.9169574958664463E-018
   189.00000000000000        9.7445260607557757E-017   1.0255445388695130E-017
   190.00000000000000        1.1232394211956214E-016   1.0983925063937169E-017
   191.00000000000000        1.2916564793425647E-016   1.2344026672087381E-017
   192.00000000000000        1.3995567409800081E-016   1.3285820502387724E-017
   193.00000000000000        1.4088152237234466E-016   1.3362613730986795E-017
   194.00000000000000        1.3468696543912453E-016   1.3895557841592247E-017
   195.00000000000000        1.2235743831583211E-016   1.4264597652826597E-017
   196.00000000000000        1.0393082121654831E-016   1.3356812405657536E-017
   197.00000000000000        8.4968081025869669E-017   1.1424978748780613E-017
   198.00000000000000        7.3340002823637828E-017   1.0181921565111085E-017
   199.00000000000000        7.0891214476374612E-017   1.1142967587076181E-017
   200.00000000000000        7.2237195506417705E-017   1.2157896416220605E-017
   201.00000000000000        7.1935482231901484E-017   1.1912054009134189E-017
   202.00000000000000        6.9057501985778000E-017   1.1234656712332032E-017
   203.00000000000000        6.4932978915571127E-017   1.0656479839229044E-017
   204.00000000000000        6.0750468339711178E-017   1.0178167228031228E-017
   205.00000000000000        5.7404961125685666E-017   9.8010735347890595E-018
   206.00000000000000        5.5113770175641399E-017   9.5651979485986785E-018
   207.00000000000000        5.2654097282269372E-017   9.5406357407625611E-018
   208.00000000000000        4.7987918292533019E-017   9.2188470354639299E-018
   209.00000000000000        4.0540761036991686E-017   7.9804109322702226E-018
   210.00000000000000        3.2514846578630282E-017   6.2268657788164469E-018
   211.00000000000000        2.7005388040294980E-017   5.2944232132968134E-018
   212.00000000000000        2.5012174206851209E-017   5.3252537655615158E-018
   213.00000000000000        2.4974029022748421E-017   5.3196628139198149E-018
   214.00000000000000        2.4759650236719170E-017   5.0497860789026163E-018
   215.00000000000000        2.3526033854718764E-017   4.6675200623474578E-018
   216.00000000000000        2.2065305910123388E-017   4.2662037661604109E-018
   217.00000000000000        2.1658319558623178E-017   4.4018231993781245E-018
   218.00000000000000        2.2409403380064717E-017   5.3830632436961340E-018
   219.00000000000000        2.2984704317694303E-017   6.2375781645456818E-018
   220.00000000000000        2.2255098434968729E-017   6.1841777674583765E-018
   221.00000000000000        2.0549569676608832E-017   5.5180868858321156E-018
   222.00000000000000        1.8860599340783269E-017   4.9684167633876240E-018
   223.00000000000000        1.7533235316246123E-017   4.6791228225981057E-018
   224.00000000000000        1.6246135481754845E-017   4.3181081268792048E-018
   225.00000000000000        1.4721090916884057E-017   3.8061790373523991E-018
   226.00000000000000        1.2957324365684511E-017   3.3658061170653652E-018
   227.00000000000000        1.1062691370834626E-017   3.0366142520199269E-018
   228.00000000000000        9.2228468071534994E-018   2.5990022974000208E-018
   229.00000000000000        7.7199542793085293E-018   2.0695783349234499E-018
   230.00000000000000        6.7362343016387504E-018   1.8096598516958835E-018
   231.00000000000000        6.1494079063887019E-018   1.9163655589892031E-018
   232.00000000000000        5.6370640586952092E-018   1.9811841791378335E-018
   233.00000000000000        4.9799568661351060E-018   1.7584978043823192E-018
   234.00000000000000        4.2143330472832719E-018   1.3168915280229176E-018
   235.00000000000000        3.5191844323607144E-018   8.4922982474320018E-019
   236.00000000000000        3.0220426744310327E-018   5.0016178915224172E-019
   237.00000000000000        2.7194242323948210E-018   3.0462170940007050E-019
   238.00000000000000        2.5320684766272009E-018   2.1641001891715928E-019
   239.00000000000000        2.3929057995466294E-018   1.7637418129921747E-019
   240.00000000000000        2.2820164238555854E-018   1.5856272270725175E-019
   241.00000000000000        2.2057087405346804E-018   1.5433158910404003E-019
   242.00000000000000        2.1667586913760622E-018   1.5495936695190085E-019
   243.00000000000000        2.1583652403745977E-018   1.5839594448144477E-019
   244.00000000000000        2.1761848643625326E-018   1.7356198111822594E-019
   245.00000000000000        2.2264628985719276E-018   2.1367502622819398E-019
   246.00000000000000        2.3189959063955771E-018   2.8061935391683387E-019
   247.00000000000000        2.4523109383062975E-018   3.5635377222133962E-019
   248.00000000000000        2.6077079228753927E-018   4.1439957124021532E-019
   249.00000000000000        2.7606598390942263E-018   4.3850962916614723E-019
   250.00000000000000        2.8989213545987999E-018   4.3502085624878997E-019
   251.00000000000000        3.0268594044128545E-018   4.3363463071720792E-019
   252.00000000000000        3.1491024830323607E-018   4.6631507131530293E-019
   253.00000000000000        3.2511197791580982E-018   5.2577933648253306E-019
   254.00000000000000        3.3007105537073387E-018   5.6854994992417271E-019
   255.00000000000000        3.2722043898819020E-018   5.6187742459179978E-019
   256.00000000000000        3.1696496399314856E-018   5.0950675044830781E-019
   257.00000000000000        3.0272404567001358E-018   4.4343825373808037E-019
   258.00000000000000        2.8903461156922051E-018   3.9328090903396105E-019
   259.00000000000000        2.7963243611933685E-018   3.6336438999315564E-019
   260.00000000000000        2.7655617390520481E-018   3.4997885706627825E-019
   261.00000000000000        2.7984424094781030E-018   3.6487402741812567E-019
   262.00000000000000        2.8738978595637122E-018   4.1498504096948381E-019
   263.00000000000000        2.9543312117130715E-018   4.7762508249531982E-019
   264.00000000000000        3.0016204992829407E-018   5.2134008736664820E-019
   265.00000000000000        2.9972647341162915E-018   5.3268648140421482E-019
   266.00000000000000        2.9524447559978003E-018   5.2111499311178585E-019
   267.00000000000000        2.9011562834337504E-018   5.0534749703651019E-019
   268.00000000000000        2.8827899847325521E-018   4.9540941994781856E-019
   269.00000000000000        2.9252883372645653E-018   4.9101510821048660E-019
   270.00000000000000        3.0349745108213240E-018   4.9319505505014457E-019
   271.00000000000000        3.1937724346866090E-018   5.0639601503809933E-019
   272.00000000000000        3.3638072369044149E-018   5.2958777062928329E-019
   273.00000000000000        3.4991831842819107E-018   5.5325513819852485E-019
   274.00000000000000        3.5613084791505875E-018   5.6646313763670759E-019
   275.00000000000000        3.5307192365675934E-018   5.6409542351257407E-019
   276.00000000000000        3.4100893790642214E-018   5.4829717459874759E-019
   277.00000000000000        3.2192604775468095E-018   5.2463929576161127E-019
   278.00000000000000        2.9876568966687784E-018   4.9709702519352665E-019
   279.00000000000000        2.7483281505255454E-018   4.6742221087460283E-019
   280.00000000000000        2.5334008981066142E-018   4.3979033669560684E-019
   281.00000000000000        2.3683994980980979E-018   4.2410863527998860E-019
   282.00000000000000        2.2651012242312828E-018   4.3030507760025264E-019
   283.00000000000000        2.2164618924874320E-018   4.5669909421973812E-019
   284.00000000000000        2.1980913160387768E-018   4.8845866557530161E-019
   285.00000000000000        2.1773138417556307E-018   5.0845878678109359E-019
   286.00000000000000        2.1258722783723347E-018   5.0669170969492578E-019
   287.00000000000000        2.0299552883545045E-018   4.8272557539035676E-019
   288.00000000000000        1.8930857681931370E-018   4.4323669255566960E-019
   289.00000000000000        1.7316691666827684E-018   3.9747776465015522E-019
   290.00000000000000        1.5665000321835775E-018   3.5361784400015128E-019
   291.00000000000000        1.4144643609279588E-018   3.1772259544599789E-019
   292.00000000000000        1.2834512074804951E-018   2.9402686453815702E-019
   293.00000000000000        1.1715361458112376E-018   2.8352292731057397E-019
   294.00000000000000        1.0698634942571002E-018   2.8172103175330775E-019
   295.00000000000000        9.6760720681594895E-019   2.8003356052389480E-019
   296.00000000000000        8.5692630332167463E-019   2.7041144040476990E-019
   297.00000000000000        7.3604365196031450E-019   2.4882967154372552E-019
   298.00000000000000        6.0949645457857476E-019   2.1599620536412643E-019
   299.00000000000000        4.8589352007466225E-019   1.7612755302512244E-019
   300.00000000000000        3.7452998728627503E-019   1.3491238909546175E-019
   301.00000000000000        2.8244944725721689E-019   9.7581389517615234E-020
   302.00000000000000        2.1299333287758494E-019   6.7716996877176712E-020
   303.00000000000000        1.6597610031664267E-019   4.6982678791565943E-020
   304.00000000000000        1.3890535953253028E-019   3.5368089305193216E-020
   305.00000000000000        1.2841865899227078E-019   3.1339840481338864E-020
   306.00000000000000        1.3129408239125468E-019   3.2587795294629149E-020
   307.00000000000000        1.4478344892539312E-019   3.7548824659900934E-020
   308.00000000000000        1.6638815264423038E-019   4.5444326133163510E-020
   309.00000000000000        1.9341849829596344E-019   5.5350655844716331E-020
   310.00000000000000        2.2271147402358129E-019   6.5862354732529551E-020
   311.00000000000000        2.5075248397200870E-019   7.5317848885757602E-020
   312.00000000000000        2.7421878466778714E-019   8.2182842244251726E-020
   313.00000000000000        2.9073438938426611E-019   8.5403297253896983E-020
   314.00000000000000        2.9950107111775548E-019   8.4643223714351745E-020
   315.00000000000000        3.0150725990352921E-019   8.0360884355875970E-020
   316.00000000000000        2.9919562788281171E-019   7.3720055999781875E-020
   317.00000000000000        2.9569900986738931E-019   6.6365460923382788E-020
   318.00000000000000        2.9392172574333134E-019   6.0072551537464750E-020
   319.00000000000000        2.9577974167792085E-019   5.6231340532534451E-020
   320.00000000000000        3.0182085935966902E-019   5.5269259574047061E-020
   321.00000000000000        3.1128555387630716E-019   5.6507086829190595E-020
   322.00000000000000        3.2251688052783784E-019   5.8698036210489897E-020
   323.00000000000000        3.3353831095204322E-019   6.0692092612134854E-020
   324.00000000000000        3.4260700362218404E-019   6.1759483166323653E-020
   325.00000000000000        3.4860032663065437E-019   6.1639752669988167E-020
   326.00000000000000        3.5117392866873748E-019   6.0474140960016545E-020
   327.00000000000000        3.5070900784055780E-019   5.8675600140113364E-020
   328.00000000000000        3.4812178176017317E-019   5.6748347837618639E-020
   329.00000000000000        3.4462788962109449E-019   5.5091465208422796E-020
   330.00000000000000        3.4153877745234090E-019   5.3863743297879817E-020
   331.00000000000000        3.4012733566748756E-019   5.2987636623572945E-020
   332.00000000000000        3.4155518241576474E-019   5.2290582810737046E-020
   333.00000000000000        3.4682394632432849E-019   5.1688390528794719E-020
   334.00000000000000        3.5671014789502865E-019   5.1297422085596895E-020
   335.00000000000000        3.7166681214863482E-019   5.1405850857161777E-020
   336.00000000000000        3.9171055353493656E-019   5.2299379070042643E-020
   337.00000000000000        4.1634024670077497E-019   5.4034796342089607E-020
   338.00000000000000        4.4453672564745594E-019   5.6331213765545394E-020
   339.00000000000000        4.7486925916741321E-019   5.8669190916541156E-020
   340.00000000000000        5.0569503818884835E-019   6.0511134448021596E-020
   341.00000000000000        5.3540167569901488E-019   6.1497485586499583E-020
   342.00000000000000        5.6262654907703994E-019   6.1543083848933603E-020
   343.00000000000000        5.8639691997235306E-019   6.0828238048751664E-020
   344.00000000000000        6.0616476980618032E-019   5.9707673333345492E-020
   345.00000000000000        6.2174583770395571E-019   5.8573143253920398E-020
   346.00000000000000        6.3319901134933629E-019   5.7719040402774918E-020
   347.00000000000000        6.4069200843134896E-019   5.7264593456079859E-020
   348.00000000000000        6.4439270604634726E-019   5.7159979801827849E-020
   349.00000000000000        6.4440908863128810E-019   5.7254035246346288E-020
   350.00000000000000        6.4078262376396127E-019   5.7371612516537754E-020
   351.00000000000000        6.3352564446325133E-019   5.7362776657099526E-020
   352.00000000000000        6.2268506375280370E-019   5.7119165462113064E-020
   353.00000000000000        6.0841183090238704E-019   5.6573191332906506E-020
   354.00000000000000        5.9101649604787553E-019   5.5696525203088123E-020
   355.00000000000000        5.7099510265226433E-019   5.4504500747682607E-020
   356.00000000000000        5.4901600395420074E-019   5.3062435194582380E-020
   357.00000000000000        5.2586662964992631E-019   5.1484292992383533E-020
   358.00000000000000        5.0236845009058051E-019   4.9915872809007757E-020
   359.00000000000000        4.7927630977118677E-019   4.8502769011547181E-020
   360.00000000000000        4.5718270632916691E-019   4.7353521255262384E-020
   361.00000000000000        4.3644707262153328E-019   4.6513704446461857E-020
   362.00000000000000        4.1716473193134651E-019   4.5961546280120046E-020
   363.00000000000000        3.9918143710910336E-019   4.5622603036585084E-020
   364.00000000000000        3.8214962296656052E-019   4.5391286033810983E-020
   365.00000000000000        3.6561408696957591E-019   4.5148634606395542E-020
   366.00000000000000        3.4910953583521805E-019   4.4774569706685217E-020
   367.00000000000000        3.3225113088845221E-019   4.4159191171977504E-020
   368.00000000000000        3.1480174309679740E-019   4.3217107710779148E-020
   369.00000000000000        2.9670526304451829E-019   4.1904155127404812E-020
   370.00000000000000        2.7808268166195790E-019   4.0231916974977965E-020
   371.00000000000000        2.5919520066975733E-019   3.8274397986056441E-020
   372.00000000000000        2.4038480855903844E-019   3.6162323827319182E-020
   373.00000000000000        2.2200634664691366E-019   3.4062481440342569E-020
   374.00000000000000        2.0436545679693447E-019   3.2142355290094018E-020
   375.00000000000000        1.8767406585045478E-019   3.0525909565730217E-020
   376.00000000000000        1.7203006715597359E-019   2.9255019119502995E-020
   377.00000000000000        1.5742194916869608E-019   2.8275904820754620E-020
   378.00000000000000        1.4375375951252365E-019   2.7460428039468177E-020
   379.00000000000000        1.3088216898127550E-019   2.6651428805376464E-020
   380.00000000000000        1.1865613419889862E-019   2.5709004059373359E-020
   381.00000000000000        1.0695070042815934E-019   2.4540555939954337E-020
   382.00000000000000        9.5689219695463098E-020   2.3110803004420177E-020
   383.00000000000000        8.4851748254232003E-020   2.1436482969559386E-020
   384.00000000000000        7.4470678323106825E-020   1.9572464785095723E-020
   385.00000000000000        6.4617034721126342E-020   1.7594876262877799E-020
   386.00000000000000        5.5381985167695281E-020   1.5585170603654077E-020
   387.00000000000000        4.6858012919865241E-020   1.3617568902197235E-020
   388.00000000000000        3.9123203494769988E-020   1.1751058318867396E-020
   389.00000000000000        3.2230654612214627E-020   1.0026054599150845E-020
   390.00000000000000        2.6203562747062838E-020   8.4649927759725064E-021
   391.00000000000000        2.1035382014423182E-020   7.0755793878595202E-021
   392.00000000000000        1.6693740869826217E-020   5.8553000328752157E-021
   393.00000000000000        1.3126541701749487E-020   4.7960457451762649E-021
   394.00000000000000        1.0268762188364389E-020   3.8883418235554043E-021
   395.00000000000000        8.0487894307706372E-021   3.1255191711311880E-021
   396.00000000000000        6.3935194929818041E-021   2.5090338556270969E-021
   397.00000000000000        5.2318510629518626E-021   2.0558345007664117E-021
   398.00000000000000        4.4965378178812816E-021   1.8020467238780085E-021
   399.00000000000000        4.1246177437170777E-021   1.7813787431317199E-021
   400.00000000000000        4.0568065031922986E-021   1.9801667609656989E-021
   401.00000000000000        4.2363307876256260E-021   2.3395998715178666E-021
   402.00000000000000        4.6076920486297307E-021   2.7996432121743720E-021
   403.00000000000000        5.1157966578311074E-021   3.3160991669035726E-021
   404.00000000000000        5.7057738203005810E-021   3.8551658031227940E-021
   405.00000000000000        6.3236424120984224E-021   4.3869900256510764E-021
   406.00000000000000        6.9178054283108660E-021   4.8830392843772463E-021
   407.00000000000000        7.4411754078978869E-021   5.3161826773212551E-021
   408.00000000000000        7.8535968872052481E-021   5.6621061594051643E-021
   409.00000000000000        8.1241580359990457E-021   5.9011520986017331E-021
   410.00000000000000        8.2329868317593250E-021   6.0200016947554043E-021
   411.00000000000000        8.1722056670937780E-021   6.0128280688082219E-021
   412.00000000000000        7.9458550672486989E-021   5.8817103957521081E-021
   413.00000000000000        7.5687637738167719E-021   5.6362456749607935E-021
   414.00000000000000        7.0645057307786489E-021   5.2924257828465093E-021
   415.00000000000000        6.4627142716678127E-021   4.8709523625086245E-021
   416.00000000000000        5.7960990497647613E-021   4.3952290329599573E-021
   417.00000000000000        5.0975238161077511E-021   3.8892929560907662E-021
   418.00000000000000        4.3974579913967561E-021   3.3759274966379597E-021
   419.00000000000000        3.7220274397826210E-021   2.8751434582522122E-021
   420.00000000000000        3.0917809908473689E-021   2.4031419913402081E-021
   421.00000000000000        2.5211806508746822E-021   1.9717930827654095E-021
   422.00000000000000        2.0187328011871832E-021   1.5885931710413752E-021
   423.00000000000000        1.5876160938639569E-021   1.2570134464732231E-021
   424.00000000000000        1.2266329211524949E-021   9.7712125674877978E-022
   425.00000000000000        9.3131247743006989E-022   7.4635033104859893E-022
   426.00000000000000        6.9501733183052016E-022   5.6030713888287335E-022
   427.00000000000000        5.0994285056215620E-022   4.1352442617460097E-022
   428.00000000000000        3.6794069998712331E-022   3.0010220931528479E-022
   429.00000000000000        2.6113672600588854E-022   2.1420551773848615E-022
   430.00000000000000        1.8234498109426371E-022   1.5041285832127672E-022
   431.00000000000000        1.2530140643088676E-022   1.0392751039163766E-022
   432.00000000000000        8.4752694469698732E-023   7.0674820088733249E-023
   433.00000000000000        5.6439652980136528E-023   4.7313369978491521E-023
   434.00000000000000        3.7012199560541788E-023   3.1187700990922129E-023
   435.00000000000000        2.3907291527054043E-023   2.0246848864472801E-023
   436.00000000000000        1.5213694112967120E-023   1.2947901135675622E-023
   437.00000000000000        9.5400453356253606E-024   8.1583320509543645E-024
   438.00000000000000        5.8961570865360179E-024   5.0658767872537670E-024
   439.00000000000000        3.5923667751769894E-024   3.1006249735458748E-024
   440.00000000000000        2.1581134996890932E-024   1.8710022922941154E-024
   441.00000000000000        1.2786087086511131E-024   1.1133146027072420E-024
   442.00000000000000        7.4723536197505455E-025   6.5338175695013034E-025
   443.00000000000000        4.3084298062679584E-025   3.7827495176229247E-025
   444.00000000000000        2.4513583878173847E-025   2.1608497984064124E-025
   445.00000000000000        1.3765880652607205E-025   1.2181531542137050E-025
   446.00000000000000        7.6311978784438175E-026   6.7783252632146738E-026
   447.00000000000000        4.1768992030339988E-026   3.7236424298116656E-026
   448.00000000000000        2.2577082183492263E-026   2.0198514652721046E-026
   449.00000000000000        1.2053497853729062E-026   1.0820731755566992E-026
   450.00000000000000        6.3572270914257080E-027   5.7260930063425660E-027
   451.00000000000000        3.3129018700447867E-027   2.9936607014249873E-027
   452.00000000000000        1.7061275439683600E-027   1.5465573309638944E-027
   453.00000000000000        8.6846307839574238E-028   7.8963178487183256E-028
   454.00000000000000        4.3702074875472781E-028   3.9852289997833029E-028
   455.00000000000000        2.1743853294684346E-028   1.9885016647767303E-028
   456.00000000000000        1.0698593560270099E-028   9.8110537872783949E-029
   457.00000000000000        5.2064731060397949E-029   4.7873418372800535E-029
   458.00000000000000        2.5064407230292653E-029   2.3106461319103945E-029
   459.00000000000000        1.1938157645013848E-029   1.1033235073175132E-029
   460.00000000000000        5.6266712009896905E-030   5.2128116823569676E-030
   461.00000000000000        2.6246266094054289E-030   2.4373019452725229E-030
   462.00000000000000        1.2118582071864112E-030   1.1279303432819644E-030
   463.00000000000000        5.5394933382266278E-031   5.1672265376499960E-031
   464.00000000000000        2.5071888450887689E-031   2.3436932117538965E-031
   465.00000000000000        1.1237424464448511E-031   1.0526329553064226E-031
   466.00000000000000        4.9885278348686341E-032   4.6822021087946236E-032
   467.00000000000000        2.1936443109004008E-032   2.0629255627566676E-032
   468.00000000000000        9.5567390712977184E-033   9.0040842988316394E-033
   469.00000000000000        4.1253772553564370E-033   3.8938544070060444E-033
   470.00000000000000        1.7647693879648297E-033   1.6686482143962162E-033
   471.00000000000000        7.4824143809675124E-034   7.0868746741568275E-034
   472.00000000000000        3.1447305382660744E-034   2.9833814080904736E-034
   473.00000000000000        1.3102996882498791E-034   1.2450456235216200E-034
   474.00000000000000        5.4132768509932502E-035   5.1515965793967227E-035
   475.00000000000000        2.2177285598080609E-035   2.1136612947984102E-035
   476.00000000000000        9.0109485770871566E-036   8.6004671251823402E-036
   477.00000000000000        3.6316276167105762E-036   3.4710204609872308E-036
   478.00000000000000        1.4519604403395955E-036   1.3896180917043279E-036
   479.00000000000000        5.7594927180590204E-037   5.5193869718745438E-037
   480.00000000000000        2.2669517216519487E-037   2.1751868319312179E-037
   481.00000000000000        8.8548422780655272E-038   8.5067792553238978E-038
   482.00000000000000        3.4328211111265705E-038   3.3017827030631441E-038
   483.00000000000000        1.3210032909781801E-038   1.2720310430762844E-038
   484.00000000000000        5.0464846903316692E-039   4.8647813895624525E-039
   485.00000000000000        1.9140604881527648E-039   1.8471203053045163E-039
   486.00000000000000        7.2086288051177403E-040   6.9637385218434886E-040
   487.00000000000000        2.6960504566459521E-040   2.6070759858816457E-040
   488.00000000000000        1.0014496972555734E-040   9.6934146171532551E-041
   489.00000000000000        3.6949013400203162E-041   3.5798022321287515E-041
   490.00000000000000        1.3542390914313669E-041   1.3132490218538986E-041
   491.00000000000000        4.9311958646706320E-042   4.7861575982042701E-042
   492.00000000000000        1.7840975429272994E-042   1.7331023495144319E-042
   493.00000000000000        6.4141457127244343E-043   6.2359638766139223E-043
   494.00000000000000        2.2916949636196530E-043   2.2298179409580869E-043
   495.00000000000000        8.1379660643938217E-044   7.9243810199399095E-044
   496.00000000000000        2.8724916278217645E-044   2.7992039766589750E-044
   497.00000000000000        1.0079238218916138E-044   9.8292314265479663E-045
   498.00000000000000        3.5161253984537376E-045   3.4313293136307582E-045
   499.00000000000000        1.2195787257266206E-045   1.1909801653672091E-045
   500.00000000000000        4.2063438141522410E-046   4.1104263332326579E-046
   501.00000000000000        1.4427438179079942E-046   1.4107492032525359E-046
   502.00000000000000        4.9215598676547512E-047   4.8154095488096672E-047
   503.00000000000000        1.6698769933026789E-047   1.6348445626652949E-047
   504.00000000000000        5.6360249994891693E-048   5.5210078712697475E-048
   505.00000000000000        1.8923703264429511E-048   1.8548007522058517E-048
   506.00000000000000        6.3215229380595897E-049   6.1994191175304045E-049
   507.00000000000000        2.1011486436615773E-049   2.0616594119135988E-049
   508.00000000000000        6.9494099597825085E-050   6.8223170545311345E-050
   509.00000000000000        2.2873432449724077E-050   2.2466339689918531E-050
   510.00000000000000        7.4927751169134436E-051   7.3629882702604808E-051
   511.00000000000000        2.4429649908110463E-051   2.4017771970197358E-051
   512.00000000000000        7.9284769044097759E-052   7.7983575860568959E-052
   513.00000000000000        2.5615014701502616E-052   2.5205768337668188E-052
   514.00000000000000        8.2388326615086745E-053   8.1106788196315151E-053
   515.00000000000000        2.6383745984757995E-053   2.5984154991404758E-053
   516.00000000000000        8.4127887111548927E-054   8.2887177680327007E-054
   517.00000000000000        2.6712152261177936E-054   2.6328509108904443E-054
   518.00000000000000        8.4464723882289479E-055   8.3283261193720994E-055
   519.00000000000000        2.6599363015147914E-055   2.6236970212620587E-055
   520.00000000000000        8.3431083882539778E-056   8.2323854770006603E-056
   521.00000000000000        2.6066115118001326E-056   2.5729119084555701E-056
   522.00000000000000        8.1123579754257201E-057   8.0101765348547938E-057
   523.00000000000000        2.5151882160971700E-057   2.4843201532832120E-057
   524.00000000000000        7.7691997014015947E-058   7.6762888062837860E-058
   525.00000000000000        2.3910790786719976E-058   2.3632131683655180E-058
   526.00000000000000        7.3325076861864236E-059   7.2492243383236708E-059
   527.00000000000000        2.2406847102238995E-059   2.2158790885098166E-059
   528.00000000000000        6.8234961350083141E-060   6.7498623131713676E-060
   529.00000000000000        2.0708998837329474E-060   2.0491143717589238E-060
   530.00000000000000        6.2641887628477099E-061   6.1999423389012933E-061
   531.00000000000000        1.8886497279522005E-061   1.8697633745837492E-061
   532.00000000000000        5.6760443990836346E-062   5.6206976547500962E-062
   533.00000000000000        1.7004916837063056E-062   1.6843217823256510E-062
   534.00000000000000        5.0788320816079825E-063   5.0317321634155721E-063
   535.00000000000000        1.5123061748749185E-063   1.4986271148802406E-063
   536.00000000000000        4.4898074184774703E-064   4.4501941047153029E-064
   537.00000000000000        1.3290859916322748E-064   1.3176466749748089E-064
   538.00000000000000        3.9232029113304437E-065   3.8902603148438027E-065
   539.00000000000000        1.1548229624300861E-065   1.1453619211738213E-065
   540.00000000000000        3.3900126274245913E-066   3.3629127313557134E-066
   541.00000000000000        9.9248166780385130E-067   9.8473940698650474E-067
   542.00000000000000        2.8980284694673083E-067   2.8759655464075916E-067
   543.00000000000000        8.4404418337722699E-068   8.3777260752219112E-068
   544.00000000000000        2.4520719116586404E-068   2.4342878202678772E-068
   545.00000000000000        7.1060707387533981E-069   7.0557611509250809E-069
   546.00000000000000        2.0543606118637100E-069   2.0401616587512123E-069
   547.00000000000000        5.9251166433388969E-070   5.8851340919228989E-070
   548.00000000000000        1.7049520170584425E-070   1.6937185157568242E-070
   549.00000000000000        4.8949034818089431E-071   4.8634106440933061E-071
   550.00000000000000        1.4022137732282405E-071   1.3934036545603142E-071
   551.00000000000000        4.0081465031998517E-072   3.9835515474921220E-072
   552.00000000000000        1.1432812468290955E-072   1.1364291198462257E-072
   553.00000000000000        3.2543429228188400E-073   3.2352909341512399E-073
   554.00000000000000        9.2447386485754557E-074   9.1918684426953134E-074
   555.00000000000000        2.6210007270781133E-074   2.6063568044013422E-074
   556.00000000000000        7.4165283494765399E-075   7.3760428688533650E-075
   557.00000000000000        2.0946659997105399E-075   2.0834933527578258E-075
   558.00000000000000        5.9051216239770532E-076   5.8743431584130618E-076
   559.00000000000000        1.6617356858548577E-076   1.6532713881406840E-076
   560.00000000000000        4.6680224444664454E-077   4.6447840192075701E-077
   561.00000000000000        1.3090626433955377E-077   1.3026930348658720E-077
   562.00000000000000        3.6649057398263118E-078   3.6474745385054373E-078
   563.00000000000000        1.0243732352402364E-078   1.0196103683847789E-078
   564.00000000000000        2.8586737217791131E-079   2.8456793916996984E-079
   565.00000000000000        7.9652535065771244E-080   7.9298536715782023E-080
   566.00000000000000        2.2160560027123070E-080   2.2064259690259268E-080
   567.00000000000000        6.1563772608329077E-081   6.1302164792756918E-081
   568.00000000000000        1.7078515404211479E-081   1.7007543434509445E-081
   569.00000000000000        4.7312099312101629E-082   4.7119810985775923E-082
   570.00000000000000        1.3089050352165350E-082   1.3037018969653950E-082
   571.00000000000000        3.6163817489199247E-083   3.6023199638460512E-083
   572.00000000000000        9.9789948196982689E-084   9.9410376133143724E-084
   573.00000000000000        2.7501837161420249E-084   2.7399497831491172E-084
   574.00000000000000        7.5703294003374596E-085   7.5427680123885492E-085
   575.00000000000000        2.0814289493855841E-085   2.0740143919770304E-085
   576.00000000000000        5.7163331525089767E-086   5.6964076050923947E-086
   577.00000000000000        1.5681867891668813E-086   1.5628375597150985E-086
   578.00000000000000        4.2975146502933198E-087   4.2831682484640433E-087
   579.00000000000000        1.1764976535199741E-087   1.1726536814283805E-087
   580.00000000000000        3.2176107972131274E-088   3.2073207488004401E-088
   581.00000000000000        8.7914222194428256E-089   8.7639009242655129E-089
   582.00000000000000        2.3998395241503558E-089   2.3924850996242287E-089
   583.00000000000000        6.5451073603005423E-090   6.5254705548326104E-090
   584.00000000000000        1.7835149442432655E-090   1.7782759363101687E-090
   585.00000000000000        4.8559684341474331E-091   4.8420016334736465E-091
   586.00000000000000        1.3210754663648528E-091   1.3173547386722060E-091
   587.00000000000000        3.5912483879797442E-092   3.5813433726802563E-092
   588.00000000000000        9.7553422338149592E-093   9.7289915555518129E-093
   589.00000000000000        2.6480846382592449E-093   2.6410789511989782E-093
   590.00000000000000        7.1833391700145980E-094   7.1647249562982856E-094
   591.00000000000000        1.9473263962289405E-094   1.9423834457328323E-094
   592.00000000000000        5.2757176432054979E-095   5.2625990325053893E-095
   593.00000000000000        1.4284568984247895E-095   1.4249770389812889E-095
   594.00000000000000        3.8655186416071108E-096   3.8562925038480169E-096
   595.00000000000000        1.0454794811448970E-096   1.0430345057877251E-096
   596.00000000000000        2.8261960689625654E-097   2.8197196170091148E-097
   597.00000000000000        7.6362452105661787E-098   7.6190969702688519E-098
   598.00000000000000        2.0623381139634561E-098   2.0577993958032101E-098
   599.00000000000000        5.5674172151042351E-099   5.5554086959330829E-099
   600.00000000000000        1.5023561281180981E-099   1.4991799892677616E-099
