5 431          # first data record, number of data records
# XS_nm_spectr_hgbrobr_cas1612_vtzp_d10.txt
# without temperature correction
# E[nm] sigma(E)[cm2/molecule]
   170.00000000000000        1.1442200713823762E-017   1.0537278513050016E-018
   171.00000000000000        1.2898358270136283E-017   1.2012926603222661E-018
   172.00000000000000        1.4766280635997857E-017   1.2860041375732775E-018
   173.00000000000000        1.7461639130759387E-017   1.2379714267483721E-018
   174.00000000000000        2.0655688702558021E-017   1.3081023576214112E-018
   175.00000000000000        2.2011768098691527E-017   1.3042010874684955E-018
   176.00000000000000        2.0547167929705469E-017   1.2621897454643989E-018
   177.00000000000000        1.7779587175944747E-017   1.3070423754223335E-018
   178.00000000000000        1.5109194943540042E-017   1.2864306501969837E-018
   179.00000000000000        1.3450902885921606E-017   1.2469544341671524E-018
   180.00000000000000        1.3419882796946534E-017   1.2726663749434503E-018
   181.00000000000000        1.4809453551203512E-017   1.2887339099647002E-018
   182.00000000000000        1.7044972187677910E-017   1.2855127767866136E-018
   183.00000000000000        2.0133426662310308E-017   1.3107619310015892E-018
   184.00000000000000        2.3921818278765826E-017   1.4370151902194592E-018
   185.00000000000000        2.7427813514419854E-017   1.5809745941166217E-018
   186.00000000000000        3.0194140889722131E-017   1.6435232466715372E-018
   187.00000000000000        3.2400520208316119E-017   1.6146435770765326E-018
   188.00000000000000        3.3671165856311397E-017   1.6836435534018448E-018
   189.00000000000000        3.3127749969190218E-017   1.9305352858898154E-018
   190.00000000000000        3.0346830604905919E-017   2.0087587498960893E-018
   191.00000000000000        2.6044920178759947E-017   1.8996300835213951E-018
   192.00000000000000        2.1467466694269206E-017   1.6879876376974083E-018
   193.00000000000000        1.7583029698554037E-017   1.3516846340376883E-018
   194.00000000000000        1.5114222663236345E-017   1.0848192617987948E-018
   195.00000000000000        1.4222578864445047E-017   1.0184233559899514E-018
   196.00000000000000        1.4148262482231812E-017   9.7539701132602417E-019
   197.00000000000000        1.4078540660301331E-017   8.6393496187905416E-019
   198.00000000000000        1.4068197373001050E-017   7.6943850108551306E-019
   199.00000000000000        1.4438942137324434E-017   8.1812526498449109E-019
   200.00000000000000        1.4848183886766702E-017   9.1309323648606100E-019
   201.00000000000000        1.4646062668863031E-017   9.2386470299082746E-019
   202.00000000000000        1.3693718910135860E-017   8.1971548441917957E-019
   203.00000000000000        1.2339579835202471E-017   6.8804913803119812E-019
   204.00000000000000        1.0950047373281225E-017   6.1457996541700470E-019
   205.00000000000000        9.8393673111684422E-018   6.0480321389908954E-019
   206.00000000000000        9.3493322221536061E-018   7.2165867373916287E-019
   207.00000000000000        9.6273655915242824E-018   9.4170424695926766E-019
   208.00000000000000        1.0451635340831589E-017   1.1586899642377303E-018
   209.00000000000000        1.1429712250962101E-017   1.2869992468258243E-018
   210.00000000000000        1.2303473168385077E-017   1.2909517834372442E-018
   211.00000000000000        1.3028558746834964E-017   1.2150068873629601E-018
   212.00000000000000        1.3596524774705570E-017   1.1711587113781105E-018
   213.00000000000000        1.3859944907255362E-017   1.1739843983572641E-018
   214.00000000000000        1.3632840364874926E-017   1.1467066074280951E-018
   215.00000000000000        1.2909541550555513E-017   1.0831394663526272E-018
   216.00000000000000        1.1870029689139264E-017   1.0230140258822118E-018
   217.00000000000000        1.0750353286475353E-017   9.5907138704514035E-019
   218.00000000000000        9.8218871609051640E-018   8.8538969028592281E-019
   219.00000000000000        9.3872486284740587E-018   8.8246540607703195E-019
   220.00000000000000        9.6135796828758730E-018   1.0071266268009262E-018
   221.00000000000000        1.0364398377699538E-017   1.1668860430556837E-018
   222.00000000000000        1.1293633038288292E-017   1.2766893899601807E-018
   223.00000000000000        1.2127337154910284E-017   1.3330260021089181E-018
   224.00000000000000        1.2837646682728970E-017   1.3713116965653665E-018
   225.00000000000000        1.3573498564609558E-017   1.4480761966662392E-018
   226.00000000000000        1.4455183852657668E-017   1.5766294416527294E-018
   227.00000000000000        1.5413561188113132E-017   1.7088357770556314E-018
   228.00000000000000        1.6165072861617983E-017   1.8131954072365408E-018
   229.00000000000000        1.6321386086736385E-017   1.8705461652908491E-018
   230.00000000000000        1.5611642918896181E-017   1.8386690866621866E-018
   231.00000000000000        1.4113848783411899E-017   1.6928130330236486E-018
   232.00000000000000        1.2286306592899834E-017   1.4849980692959484E-018
   233.00000000000000        1.0713408242919884E-017   1.3255897670871250E-018
   234.00000000000000        9.7671837464180520E-018   1.2760782023155636E-018
   235.00000000000000        9.4614661743030738E-018   1.3003522320827410E-018
   236.00000000000000        9.5563783077989199E-018   1.3442903819989158E-018
   237.00000000000000        9.7598299163815532E-018   1.3751325869742654E-018
   238.00000000000000        9.8718819823024774E-018   1.3684535631738614E-018
   239.00000000000000        9.8240147485724449E-018   1.3204730666489542E-018
   240.00000000000000        9.6338936339240147E-018   1.2673282161586399E-018
   241.00000000000000        9.3242357644399948E-018   1.2516009478751984E-018
   242.00000000000000        8.8704826504536388E-018   1.2556904627132228E-018
   243.00000000000000        8.2181333862339184E-018   1.2216802677368351E-018
   244.00000000000000        7.3468185650459676E-018   1.1216295597476090E-018
   245.00000000000000        6.3197781526589965E-018   9.6490159155469554E-019
   246.00000000000000        5.2784488790785274E-018   7.7240409478019649E-019
   247.00000000000000        4.3870828720472937E-018   5.7121020682280046E-019
   248.00000000000000        3.7633404961196380E-018   3.9869804291687636E-019
   249.00000000000000        3.4358300579658181E-018   2.9654060175679542E-019
   250.00000000000000        3.3475192235939315E-018   2.8967387268279450E-019
   251.00000000000000        3.3916235292214539E-018   3.5184460921705789E-019
   252.00000000000000        3.4537130360754425E-018   4.3009425604956473E-019
   253.00000000000000        3.4452879671777011E-018   4.8005472317101365E-019
   254.00000000000000        3.3257058473712985E-018   4.7657054273236729E-019
   255.00000000000000        3.1080960855847045E-018   4.2114897416828515E-019
   256.00000000000000        2.8442888702686436E-018   3.3765487230322875E-019
   257.00000000000000        2.5945498699510345E-018   2.5712902078416185E-019
   258.00000000000000        2.3992378477412416E-018   2.0172086940208352E-019
   259.00000000000000        2.2671361869947785E-018   1.7479300040446508E-019
   260.00000000000000        2.1817578394546250E-018   1.6542570122020136E-019
   261.00000000000000        2.1161348821305965E-018   1.6354893827587200E-019
   262.00000000000000        2.0460029933243846E-018   1.6461397751149806E-019
   263.00000000000000        1.9569226578229352E-018   1.6564586616235462E-019
   264.00000000000000        1.8456232339667563E-018   1.6364563953546990E-019
   265.00000000000000        1.7173860253013358E-018   1.5677075300078021E-019
   266.00000000000000        1.5814620658117827E-018   1.4515512694987545E-019
   267.00000000000000        1.4467034694731899E-018   1.3051308668555180E-019
   268.00000000000000        1.3191640475830099E-018   1.1538502212317211E-019
   269.00000000000000        1.2019694997787233E-018   1.0250187139161977E-019
   270.00000000000000        1.0963130602810583E-018   9.3757613240289470E-020
   271.00000000000000        1.0022238597621970E-018   8.8894068035812949E-020
   272.00000000000000        9.1868074377404736E-019   8.5695835108938255E-020
   273.00000000000000        8.4356549054556616E-019   8.2052350651848556E-020
   274.00000000000000        7.7404652281889254E-019   7.7431832742502801E-020
   275.00000000000000        7.0743816098560818E-019   7.2423474520877909E-020
   276.00000000000000        6.4209108896432890E-019   6.7428854783442389E-020
   277.00000000000000        5.7785194736715067E-019   6.2197370487663032E-020
   278.00000000000000        5.1594972598358355E-019   5.6456283277685273E-020
   279.00000000000000        4.5846360676654998E-019   5.0465819722624732E-020
   280.00000000000000        4.0761474411264370E-019   4.4881810285908348E-020
   281.00000000000000        3.6507557166655233E-019   4.0312406709990751E-020
   282.00000000000000        3.3144532578674253E-019   3.7016190606424876E-020
   283.00000000000000        3.0602866219381229E-019   3.4851270599674528E-020
   284.00000000000000        2.8700406081162931E-019   3.3422709174218944E-020
   285.00000000000000        2.7193891264519819E-019   3.2303321370162567E-020
   286.00000000000000        2.5845899856963903E-019   3.1172373842139427E-020
   287.00000000000000        2.4481569808023283E-019   2.9824821970082615E-020
   288.00000000000000        2.3016114698837207E-019   2.8128354334537867E-020
   289.00000000000000        2.1449209665162936E-019   2.6015359687187096E-020
   290.00000000000000        1.9836374374125167E-019   2.3523933404004492E-020
   291.00000000000000        1.8253678129536554E-019   2.0837639588515352E-020
   292.00000000000000        1.6769557714565198E-019   1.8268991486856073E-020
   293.00000000000000        1.5430069267784655E-019   1.6162833793195295E-020
   294.00000000000000        1.4256470949936039E-019   1.4734728639606151E-020
   295.00000000000000        1.3249935286919420E-019   1.3937147705989484E-020
   296.00000000000000        1.2397997756271134E-019   1.3496662868898434E-020
   297.00000000000000        1.1679602507395334E-019   1.3102732860307879E-020
   298.00000000000000        1.1068235901413293E-019   1.2564463208593652E-020
   299.00000000000000        1.0534193596161887E-019   1.1850444199744942E-020
   300.00000000000000        1.0047171672954822E-019   1.1049067362375382E-020
   301.00000000000000        9.5796468327781032E-020   1.0295571508334081E-020
   302.00000000000000        9.1107308375251061E-020   9.6954954010854020E-021
   303.00000000000000        8.6299038197595869E-020   9.2751106756743176E-021
   304.00000000000000        8.1403217684922872E-020   8.9859925711741948E-021
   305.00000000000000        7.6619526882817437E-020   8.7613055741884944E-021
   306.00000000000000        7.2351758768711136E-020   8.6128026791439677E-021
   307.00000000000000        6.9252236725791948E-020   8.8483990920384649E-021
   308.00000000000000        6.8265655106423740E-020   1.0546545606080985E-020
   309.00000000000000        7.0639834417733720E-020   1.5653537935330408E-020
   310.00000000000000        7.7845261145447364E-020   2.5983622663709666E-020
   311.00000000000000        9.1338706084738229E-020   4.2889439159663794E-020
   312.00000000000000        1.1214509645050748E-019   6.7304936704206726E-020
   313.00000000000000        1.4032689565039341E-019   9.9226333589369685E-020
   314.00000000000000        1.7453375441298892E-019   1.3710489514935076E-019
   315.00000000000000        2.1190853239561984E-019   1.7758218227094230E-019
   316.00000000000000        2.4859207080532458E-019   2.1580058828483341E-019
   317.00000000000000        2.8088770444711277E-019   2.4632113293497570E-019
   318.00000000000000        3.0687099405459021E-019   2.6443662497204228E-019
   319.00000000000000        3.2798408492964349E-019   2.6750487770561447E-019
   320.00000000000000        3.5006577126238083E-019   2.5598486132813161E-019
   321.00000000000000        3.8339694248032558E-019   2.3419032630033526E-019
   322.00000000000000        4.4164450802749466E-019   2.1113131711509505E-019
   323.00000000000000        5.3994829787622752E-019   2.0070970036269918E-019
   324.00000000000000        6.9268172212122828E-019   2.1602505404539188E-019
   325.00000000000000        9.1152858322085835E-019   2.5803125468788913E-019
   326.00000000000000        1.2044123842302127E-018   3.1665890595531606E-019
   327.00000000000000        1.5755110605896319E-018   3.8075370867930162E-019
   328.00000000000000        2.0261760224392584E-018   4.4211814146689675E-019
   329.00000000000000        2.5561943605350306E-018   4.9611608800655277E-019
   330.00000000000000        3.1646491400937316E-018   5.4203302812023643E-019
   331.00000000000000        3.8497520730036846E-018   5.8294428936491911E-019
   332.00000000000000        4.6074302035937705E-018   6.2424036871786078E-019
   333.00000000000000        5.4289936013572636E-018   6.7086124497895876E-019
   334.00000000000000        6.2986731386806805E-018   7.2474661980434440E-019
   335.00000000000000        7.1920087501529110E-018   7.8428589129193020E-019
   336.00000000000000        8.0759180739741487E-018   8.4577709246430764E-019
   337.00000000000000        8.9108435175680633E-018   9.0522606766692462E-019
   338.00000000000000        9.6548075678363824E-018   9.5915187217300011E-019
   339.00000000000000        1.0268665557153717E-017   1.0044370100695807E-018
   340.00000000000000        1.0721470644895346E-017   1.0380799936508359E-018
   341.00000000000000        1.0994753804760598E-017   1.0575343787396365E-018
   342.00000000000000        1.1084716880925548E-017   1.0615976447507660E-018
   343.00000000000000        1.1001814701282599E-017   1.0512361922953448E-018
   344.00000000000000        1.0767852457300107E-017   1.0296864806667172E-018
   345.00000000000000        1.0411362646742629E-017   1.0015809024473163E-018
   346.00000000000000        9.9624480075924795E-018   9.7141860593874744E-019
   347.00000000000000        9.4483403959765658E-018   9.4212388748604946E-019
   348.00000000000000        8.8906137150695782E-018   9.1441692454653439E-019
   349.00000000000000        8.3044219698295666E-018   8.8720133304418613E-019
   350.00000000000000        7.6995178125342134E-018   8.5855887635693209E-019
   351.00000000000000        7.0823492649959121E-018   8.2676290828086766E-019
   352.00000000000000        6.4583605519910292E-018   7.9098493837973909E-019
   353.00000000000000        5.8337484437701829E-018   7.5164312725109659E-019
   354.00000000000000        5.2162561569730507E-018   7.1037695116664462E-019
   355.00000000000000        4.6149776066772133E-018   6.6956396496209745E-019
   356.00000000000000        4.0394581349818936E-018   6.3137901882623495E-019
   357.00000000000000        3.4985300119324629E-018   5.9671501887190563E-019
   358.00000000000000        2.9992997037557739E-018   5.6458713880173407E-019
   359.00000000000000        2.5465570503216788E-018   5.3248969299674271E-019
   360.00000000000000        2.1426822585187598E-018   4.9752926592243228E-019
   361.00000000000000        1.7879595157024826E-018   4.5764247729225706E-019
   362.00000000000000        1.4811122706744388E-018   4.1230213996074262E-019
   363.00000000000000        1.2198642656661223E-018   3.6256386040923160E-019
   364.00000000000000        1.0013818326605112E-018   3.1064576562784328E-019
   365.00000000000000        8.2253225075750427E-019   2.5933312361019974E-019
   366.00000000000000        6.7996750612320433E-019   2.1145130665458077E-019
   367.00000000000000        5.7009219335544700E-019   1.6955019043521904E-019
   368.00000000000000        4.8899269430913954E-019   1.3580987572161725E-019
   369.00000000000000        4.3239724070140069E-019   1.1195083492264282E-019
   370.00000000000000        3.9571306337881466E-019   9.8660921855107372E-020
   371.00000000000000        3.7415759126295244E-019   9.4576543646144782E-020
   372.00000000000000        3.6297308214725012E-019   9.6399950382484760E-020
   373.00000000000000        3.5769278981349385E-019   1.0059764810460207E-019
   374.00000000000000        3.5441431673818758E-019   1.0462920511406714E-019
   375.00000000000000        3.5003321870019572E-019   1.0702652158961307E-019
   376.00000000000000        3.4239693083301405E-019   1.0708940837546634E-019
   377.00000000000000        3.3035387842814738E-019   1.0463458325377670E-019
   378.00000000000000        3.1369192723283261E-019   9.9838204825368349E-020
   379.00000000000000        2.9297986371855725E-019   9.3126305062062017E-020
   380.00000000000000        2.6934117704711687E-019   8.5083536883110493E-020
   381.00000000000000        2.4419801632536389E-019   7.6372612915343761E-020
   382.00000000000000        2.1902373045888636E-019   6.7667463047164364E-020
   383.00000000000000        1.9513582345704683E-019   5.9602551769063024E-020
   384.00000000000000        1.7354995279049698E-019   5.2730883257685933E-020
   385.00000000000000        1.5490284772313767E-019   4.7470146606602170E-020
   386.00000000000000        1.3944050507019896E-019   4.4021038537652650E-020
   387.00000000000000        1.2705957820176692E-019   4.2290144472896139E-020
   388.00000000000000        1.1738522983294415E-019   4.1901200608174536E-020
   389.00000000000000        1.0986763089060523E-019   4.2323966836690188E-020
   390.00000000000000        1.0388093082328246E-019   4.3033738305246416E-020
   391.00000000000000        9.8811876621077152E-020   4.3609654619057958E-020
   392.00000000000000        9.4129381671467684E-020   4.3761777678945528E-020
   393.00000000000000        8.9430524965260872E-020   4.3320031856509633E-020
   394.00000000000000        8.4462215125494027E-020   4.2211871793410725E-020
   395.00000000000000        7.9120790450460366E-020   4.0440160558475854E-020
   396.00000000000000        7.3433988349293086E-020   3.8064172056117680E-020
   397.00000000000000        6.7530947682117513E-020   3.5183586284795764E-020
   398.00000000000000        6.1606235228223065E-020   3.1924638587020759E-020
   399.00000000000000        5.5883426113655468E-020   2.8427691166612715E-020
   400.00000000000000        5.0582705200475841E-020   2.4835901575612640E-020
   401.00000000000000        4.5895530958344119E-020   2.1285142537838498E-020
   402.00000000000000        4.1967869486549080E-020   1.7895705334183797E-020
   403.00000000000000        3.8892094239732321E-020   1.4766472099278256E-020
   404.00000000000000        3.6706529142685183E-020   1.1972133742005772E-020
   405.00000000000000        3.5400884732663895E-020   9.5636809627651222E-021
   406.00000000000000        3.4925515165160584E-020   7.5717559853666041E-021
   407.00000000000000        3.5202458625195699E-020   6.0111590843868112E-021
   408.00000000000000        3.6136521823611082E-020   4.8822379971265215E-021
   409.00000000000000        3.7625120356225905E-020   4.1628697389827029E-021
   410.00000000000000        3.9566085963071705E-020   3.7934310184044926E-021
   411.00000000000000        4.1863116177990037E-020   3.6781069650350717E-021
   412.00000000000000        4.4428918099791792E-020   3.7153470204896257E-021
   413.00000000000000        4.7186362189262235E-020   3.8279087882244766E-021
   414.00000000000000        5.0068114236847567E-020   3.9691247622514104E-021
   415.00000000000000        5.3015269770801986E-020   4.1146134709589062E-021
   416.00000000000000        5.5975498230998368E-020   4.2527892849335499E-021
   417.00000000000000        5.8901137778330510E-020   4.3785607519851319E-021
   418.00000000000000        6.1747585657236631E-020   4.4899062840938076E-021
   419.00000000000000        6.4472218662156429E-020   4.5861965184038496E-021
   420.00000000000000        6.7033964259700619E-020   4.6674309566447902E-021
   421.00000000000000        6.9393533416407898E-020   4.7339243066645227E-021
   422.00000000000000        7.1514228316321757E-020   4.7862172166793486E-021
   423.00000000000000        7.3363159003108871E-020   4.8251096095331771E-021
   424.00000000000000        7.4912649440280259E-020   4.8517626155902731E-021
   425.00000000000000        7.6141591180925876E-020   4.8678214522919529E-021
   426.00000000000000        7.7036514589844666E-020   4.8755030623533168E-021
   427.00000000000000        7.7592191963147885E-020   4.8775883202532057E-021
   428.00000000000000        7.7811657664782357E-020   4.8772710815903652E-021
   429.00000000000000        7.7705616837018576E-020   4.8778491469844876E-021
   430.00000000000000        7.7291302774377644E-020   4.8822905115987628E-021
   431.00000000000000        7.6590919629082013E-020   4.8927583190534483E-021
   432.00000000000000        7.5629859840628839E-020   4.9102095724439272E-021
   433.00000000000000        7.4434907043877983E-020   4.9341774438283380E-021
   434.00000000000000        7.3032623417808698E-020   4.9628003380918608E-021
   435.00000000000000        7.1448079535786428E-020   4.9930889949214673E-021
   436.00000000000000        6.9704023578627260E-020   5.0213563129805393E-021
   437.00000000000000        6.7820516890840193E-020   5.0437000472048896E-021
   438.00000000000000        6.5814996356958405E-020   5.0564344561836973E-021
   439.00000000000000        6.3702671214870194E-020   5.0564026131527145E-021
   440.00000000000000        6.1497129524662019E-020   5.0411470033910380E-021
   441.00000000000000        5.9211020138698330E-020   5.0089552539947795E-021
   442.00000000000000        5.6856688075608046E-020   4.9588211508362240E-021
   443.00000000000000        5.4446669780125894E-020   4.8903667719477511E-021
   444.00000000000000        5.1993992956082338E-020   4.8037629863547361E-021
   445.00000000000000        4.9512266074275660E-020   4.6996687798687842E-021
   446.00000000000000        4.7015578657759303E-020   4.5791915903781472E-021
   447.00000000000000        4.4518260156766348E-020   4.4438567669570097E-021
   448.00000000000000        4.2034559999338586E-020   4.2955678469511746E-021
   449.00000000000000        3.9578313862520996E-020   4.1365412334991998E-021
   450.00000000000000        3.7162652904946502E-020   3.9692072816281207E-021
   451.00000000000000        3.4799796549793653E-020   3.7960815096436412E-021
   452.00000000000000        3.2500949021725755E-020   3.6196209994020304E-021
   453.00000000000000        3.0276298898354692E-020   3.4420888810449067E-021
   454.00000000000000        2.8135102648028402E-020   3.2654520263221426E-021
   455.00000000000000        2.6085819874628321E-020   3.0913330207536828E-021
   456.00000000000000        2.4136261140858964E-020   2.9210280420249310E-021
   457.00000000000000        2.2293709111850785E-020   2.7555897662259061E-021
   458.00000000000000        2.0564979728516627E-020   2.5959619810139198E-021
   459.00000000000000        1.8956400826857069E-020   2.4431430194159060E-021
   460.00000000000000        1.7473699233039316E-020   2.2983497539756088E-021
   461.00000000000000        1.6121801859531613E-020   2.1631519304448506E-021
   462.00000000000000        1.4904569754421393E-020   2.0395457938576163E-021
   463.00000000000000        1.3824494764185883E-020   1.9299345314213697E-021
   464.00000000000000        1.2882395274556783E-020   1.8369831481790509E-021
   465.00000000000000        1.2077149767116779E-020   1.7633260702613869E-021
   466.00000000000000        1.1405504619093452E-020   1.7111410841448101E-021
   467.00000000000000        1.0861986155043684E-020   1.6816678945306452E-021
   468.00000000000000        1.0438937328995124E-020   1.6748158517889340E-021
   469.00000000000000        1.0126687754160009E-020   1.6890131294519708E-021
   470.00000000000000        9.9138534116063114E-021   1.7213618061149749E-021
   471.00000000000000        9.7877505413949781E-021   1.7680278529546283E-021
   472.00000000000000        9.7348980753955923E-021   1.8247116785824954E-021
   473.00000000000000        9.7415753806691747E-021   1.8870605968361027E-021
   474.00000000000000        9.7943976010924821E-021   1.9509587645254628E-021
   475.00000000000000        9.8808697327057399E-021   2.0126983229129888E-021
   476.00000000000000        9.9898826459520382E-021   2.0690680986084818E-021
   477.00000000000000        1.0112119202267956E-020   2.1173989795797789E-021
   478.00000000000000        1.0240345820356668E-020   2.1555941785256064E-021
   479.00000000000000        1.0369573610245906E-020   2.1821595276293638E-021
   480.00000000000000        1.0497082731530966E-020   2.1962384411603963E-021
   481.00000000000000        1.0622313174778276E-020   2.1976489614911736E-021
   482.00000000000000        1.0746634006640798E-020   2.1869155951630034E-021
   483.00000000000000        1.0873010664930089E-020   2.1652854053843006E-021
   484.00000000000000        1.1005595685539644E-020   2.1347152150591676E-021
   485.00000000000000        1.1149271992335135E-020   2.0978144415581998E-021
   486.00000000000000        1.1309179450556187E-020   2.0577266128555464E-021
   487.00000000000000        1.1490254798792688E-020   2.0179341152184667E-021
   488.00000000000000        1.1696812504124471E-020   1.9819790666819135E-021
   489.00000000000000        1.1932189824260032E-020   1.9531126086433633E-021
   490.00000000000000        1.2198473802883097E-020   1.9339155062469742E-021
   491.00000000000000        1.2496321531196861E-020   1.9259648515666837E-021
   492.00000000000000        1.2824878274841227E-020   1.9296343797579273E-021
   493.00000000000000        1.3181791483892437E-020   1.9440910236725059E-021
   494.00000000000000        1.3563312730154616E-020   1.9674914792039576E-021
   495.00000000000000        1.3964474636484100E-020   1.9973198963637479E-021
   496.00000000000000        1.4379326167266204E-020   2.0307753455751857E-021
   497.00000000000000        1.4801207412264173E-020   2.0651258933090564E-021
   498.00000000000000        1.5223044268823332E-020   2.0979791165814450E-021
   499.00000000000000        1.5637644138626506E-020   2.1274536473481668E-021
   500.00000000000000        1.6037975723785879E-020   2.1522593787540756E-021
   501.00000000000000        1.6417418963821399E-020   2.1717037963920721E-021
   502.00000000000000        1.6769974771473723E-020   2.1856430885558805E-021
   503.00000000000000        1.7090428146377880E-020   2.1943942850693963E-021
   504.00000000000000        1.7374462123648529E-020   2.1986219104519167E-021
   505.00000000000000        1.7618723539762531E-020   2.1992108840963920E-021
   506.00000000000000        1.7820844524437519E-020   2.1971367806638138E-021
   507.00000000000000        1.7979425788647555E-020   2.1933445063442578E-021
   508.00000000000000        1.8093989098079795E-020   2.1886460735840547E-021
   509.00000000000000        1.8164906807776537E-020   2.1836466244806340E-021
   510.00000000000000        1.8193316073879044E-020   2.1787046987014471E-021
   511.00000000000000        1.8181024498793558E-020   2.1739281539667732E-021
   512.00000000000000        1.8130412691955519E-020   2.1692019921500502E-021
   513.00000000000000        1.8044337740507661E-020   2.1642398656505642E-021
   514.00000000000000        1.7926040076805197E-020   2.1586483491913994E-021
   515.00000000000000        1.7779054871092905E-020   2.1519926982797615E-021
   516.00000000000000        1.7607127996216638E-020   2.1438545918113619E-021
   517.00000000000000        1.7414135886510552E-020   2.1338755456104069E-021
   518.00000000000000        1.7204008273745993E-020   2.1217833630807054E-021
   519.00000000000000        1.6980652810235006E-020   2.1074023478454898E-021
   520.00000000000000        1.6747880924038265E-020   2.0906505028824571E-021
   521.00000000000000        1.6509334806223603E-020   2.0715283345461115E-021
   522.00000000000000        1.6268416101855024E-020   2.0501041585114773E-021
   523.00000000000000        1.6028217558477921E-020   2.0265001279132079E-021
   524.00000000000000        1.5791459480601948E-020   2.0008818451991835E-021
   525.00000000000000        1.5560433266469364E-020   1.9734527184475077E-021
   526.00000000000000        1.5336954509161147E-020   1.9444525373363144E-021
   527.00000000000000        1.5122328100555611E-020   1.9141583935681483E-021
   528.00000000000000        1.4917327484420544E-020   1.8828852872875349E-021
   529.00000000000000        1.4722189689876461E-020   1.8509836555881883E-021
   530.00000000000000        1.4536627085030016E-020   1.8188316136342311E-021
   531.00000000000000        1.4359855983510583E-020   1.7868207827031329E-021
   532.00000000000000        1.4190641382256723E-020   1.7553359786834985E-021
   533.00000000000000        1.4027356276242224E-020   1.7247304840509819E-021
   534.00000000000000        1.3868053248573908E-020   1.6952998423298644E-021
   535.00000000000000        1.3710545425788478E-020   1.6672578332528641E-021
   536.00000000000000        1.3552493457477495E-020   1.6407183182409312E-021
   537.00000000000000        1.3391494949773101E-020   1.6156859297802223E-021
   538.00000000000000        1.3225172760393743E-020   1.5920572299432296E-021
   539.00000000000000        1.3051258739924864E-020   1.5696322688455736E-021
   540.00000000000000        1.2867669857334441E-020   1.5481348215746836E-021
   541.00000000000000        1.2672574144382998E-020   1.5272383453053794E-021
   542.00000000000000        1.2464444493526674E-020   1.5065941181434456E-021
   543.00000000000000        1.2242099003663177E-020   1.4858581433400516E-021
   544.00000000000000        1.2004727244307775E-020   1.4647140907297609E-021
   545.00000000000000        1.1751902461396433E-020   1.4428905574407249E-021
   546.00000000000000        1.1483580342497342E-020   1.4201720016449309E-021
   547.00000000000000        1.1200085468815513E-020   1.3964036299385301E-021
   548.00000000000000        1.0902086987434613E-020   1.3714911802748710E-021
   549.00000000000000        1.0590565329777954E-020   1.3453969010991827E-021
   550.00000000000000        1.0266771979390780E-020   1.3181331084900335E-021
   551.00000000000000        9.9321843590269394E-021   1.2897545681736935E-021
   552.00000000000000        9.5884578745114597E-021   1.2603506745373229E-021
   553.00000000000000        9.2373770358642274E-021   1.2300380603074242E-021
   554.00000000000000        8.8808073920758352E-021   1.1989539349102949E-021
   555.00000000000000        8.5206497830040231E-021   1.1672501682401922E-021
   556.00000000000000        8.1587981479884358E-021   1.1350879433852303E-021
   557.00000000000000        7.7971018524144648E-021   1.1026327119746192E-021
   558.00000000000000        7.4373332148872949E-021   1.0700491968336569E-021
   559.00000000000000        7.0811606506384788E-021   1.0374962812743753E-021
   560.00000000000000        6.7301276002955942E-021   1.0051217742891801E-021
   561.00000000000000        6.3856371936159771E-021   9.7305721143673377E-022
   562.00000000000000        6.0489424092453666E-021   9.4141300616797421E-022
   563.00000000000000        5.7211413360344260E-021   9.1027437318217985E-022
   564.00000000000000        5.4031770193198275E-021   8.7969848000464826E-022
   565.00000000000000        5.0958412860025358E-021   8.4971323386868582E-022
   566.00000000000000        4.7997818834949448E-021   8.2031798214787479E-022
   567.00000000000000        4.5155122373223984E-021   7.9148621575391758E-022
   568.00000000000000        4.2434231276309260E-021   7.6317014851031624E-022
   569.00000000000000        3.9837956031358545E-021   7.3530684022310446E-022
   570.00000000000000        3.7368144890882952E-021   7.0782537348925466E-022
   571.00000000000000        3.5025819005262667E-021   6.8065451034283953E-022
   572.00000000000000        3.2811302402892758E-021   6.5373025506149727E-022
   573.00000000000000        3.0724342398836436E-021   6.2700282756674441E-022
   574.00000000000000        2.8764216871969169E-021   6.0044268814096975E-022
   575.00000000000000        2.6929825752304955E-021   5.7404542139004548E-022
   576.00000000000000        2.5219764974973737E-021   5.4783545688201670E-022
   577.00000000000000        2.3632382056965692E-021   5.2186875018249592E-022
   578.00000000000000        2.2165813310910049E-021   4.9623465034335338E-022
   579.00000000000000        2.0818003502830309E-021   4.7105722103868218E-022
   580.00000000000000        1.9586709466959422E-021   4.4649624526952570E-022
   581.00000000000000        1.8469489792606290E-021   4.2274800649028546E-022
   582.00000000000000        1.7463683181896510E-021   4.0004567440924750E-022
   583.00000000000000        1.6566378433147162E-021   3.7865870298780912E-022
   584.00000000000000        1.5774379227205576E-021   3.5889006556022227E-022
   585.00000000000000        1.5084166982051475E-021   3.4106948125062569E-022
   586.00000000000000        1.4491864997441511E-021   3.2554027658896247E-022
   587.00000000000000        1.3993206943453177E-021   3.1263769060937545E-022
   588.00000000000000        1.3583512465385164E-021   3.0265798229527556E-022
   589.00000000000000        1.3257672296839420E-021   2.9582107162225175E-022
   590.00000000000000        1.3010144810093913E-021   2.9223389975837806E-022
   591.00000000000000        1.2834965407507654E-021   2.9186476331725306E-022
   592.00000000000000        1.2725769590777180E-021   2.9453755199277800E-022
   593.00000000000000        1.2675829958424941E-021   2.9994845269157912E-022
   594.00000000000000        1.2678106798180246E-021   3.0769962473590671E-022
   595.00000000000000        1.2725311381579743E-021   3.1733949596348420E-022
   596.00000000000000        1.2809980553489114E-021   3.2839984989192180E-022
   597.00000000000000        1.2924560757585387E-021   3.4042399357086446E-022
   598.00000000000000        1.3061499265651631E-021   3.5298478601944621E-022
   599.00000000000000        1.3213340096025159E-021   3.6569416123174718E-022
   600.00000000000000        1.3372821923154829E-021   3.7820676528717944E-022
