5 431         # first data record, number of data records
# XS_nm_spectr_hgcl2_cas1210_vtzp_d10.txt
# without temperature correction
# E[nm] sigma(E)[cm2/molecule]
   170.00000000000000        2.8040629581188451E-017   1.8418278508655904E-018
   171.00000000000000        1.7590071193322155E-017   1.6533494496003073E-018
   172.00000000000000        6.6865476875005665E-018   8.0287190387909730E-019
   173.00000000000000        1.7851902798657224E-018   2.5704887730058175E-019
   174.00000000000000        7.7395672169591754E-019   1.5325437057798934E-019
   175.00000000000000        1.2359555049387313E-018   2.1714582179125243E-019
   176.00000000000000        2.7912708900581156E-018   3.6502809618497055E-019
   177.00000000000000        5.3618849236092833E-018   6.1233398185829177E-019
   178.00000000000000        8.4315707407203910E-018   8.7972252782154488E-019
   179.00000000000000        1.2253075553900828E-017   1.3925983733930334E-018
   180.00000000000000        1.7029019316396867E-017   2.0039331022875236E-018
   181.00000000000000        2.2025439862121291E-017   2.4518278593387937E-018
   182.00000000000000        2.7063671503673632E-017   3.0999358856899308E-018
   183.00000000000000        3.0499855434925306E-017   4.0322357461244919E-018
   184.00000000000000        2.7952823883676603E-017   4.3361924837810682E-018
   185.00000000000000        1.8908356616391558E-017   3.4086152877105700E-018
   186.00000000000000        9.1689900475302159E-018   1.8495332240771551E-018
   187.00000000000000        3.4919066409499801E-018   7.1788730283897821E-019
   188.00000000000000        1.8236580009555700E-018   4.8134736921874838E-019
   189.00000000000000        2.1304334955465971E-018   7.7413074492802507E-019
   190.00000000000000        2.6974152636459608E-018   9.2891666436018857E-019
   191.00000000000000        2.7374323647481840E-018   8.6549248473446050E-019
   192.00000000000000        2.4459400812264751E-018   7.0137273675502299E-019
   193.00000000000000        2.4654915025667901E-018   6.1345941245036552E-019
   194.00000000000000        3.1647469311660354E-018   7.1824433092424549E-019
   195.00000000000000        4.3099553456251867E-018   8.9120537040123963E-019
   196.00000000000000        5.2234845418765084E-018   1.0261233795755125E-018
   197.00000000000000        5.3144332548379672E-018   1.0339520786832040E-018
   198.00000000000000        4.6933411870387106E-018   8.9278841528065711E-019
   199.00000000000000        4.1250508740045350E-018   7.3842431407168020E-019
   200.00000000000000        4.1842062841391783E-018   7.6889382262739307E-019
   201.00000000000000        4.6815388165758214E-018   8.8335896789127098E-019
   202.00000000000000        5.0594460499904554E-018   9.2240795725201345E-019
   203.00000000000000        5.0579046207596594E-018   8.8995634522833782E-019
   204.00000000000000        4.7927661769753574E-018   8.5576725274757115E-019
   205.00000000000000        4.4224824762573431E-018   8.3893617777220226E-019
   206.00000000000000        4.0366026535301733E-018   7.8233173874392668E-019
   207.00000000000000        3.7833199270747882E-018   7.0812110677324341E-019
   208.00000000000000        3.8072554916692497E-018   7.0609830374157521E-019
   209.00000000000000        4.0419492542955906E-018   7.7080043759453066E-019
   210.00000000000000        4.2692495666003424E-018   7.9679437677895387E-019
   211.00000000000000        4.3856312175372649E-018   7.6919771560719127E-019
   212.00000000000000        4.4312995442602628E-018   7.7227374796489461E-019
   213.00000000000000        4.3906813927360866E-018   8.0102138698087207E-019
   214.00000000000000        4.1628560500184039E-018   7.8569766700070786E-019
   215.00000000000000        3.7205365664397762E-018   7.2396460239133822E-019
   216.00000000000000        3.1566029950660401E-018   6.5489549450435723E-019
   217.00000000000000        2.5823747844137390E-018   5.9239286139311441E-019
   218.00000000000000        2.0670160454229500E-018   5.2084002519565800E-019
   219.00000000000000        1.6586245480435982E-018   4.4594763163354207E-019
   220.00000000000000        1.3917310726923414E-018   3.9834624656434140E-019
   221.00000000000000        1.2658213940937190E-018   3.8933034838978271E-019
   222.00000000000000        1.2490016294416049E-018   3.9424773554783603E-019
   223.00000000000000        1.3028680104782935E-018   4.0545823473251127E-019
   224.00000000000000        1.3850879724638024E-018   4.2834451018059988E-019
   225.00000000000000        1.4365161211534095E-018   4.5049825734983123E-019
   226.00000000000000        1.3934834177290295E-018   4.5231667757714808E-019
   227.00000000000000        1.2276481289274308E-018   4.1433603122774498E-019
   228.00000000000000        9.7203995638128731E-019   3.3137324137538376E-019
   229.00000000000000        7.0127193747941509E-019   2.2511714078251670E-019
   230.00000000000000        4.8247570235976272E-019   1.2953485547715181E-019
   231.00000000000000        3.4212846305124211E-019   6.7017250557103417E-020
   232.00000000000000        2.7045710048135061E-019   4.1487363845017921E-020
   233.00000000000000        2.4626551728253379E-019   4.2411770974087430E-020
   234.00000000000000        2.5531183713245045E-019   6.3539271386411034E-020
   235.00000000000000        2.9082027164482330E-019   1.0784788414474401E-019
   236.00000000000000        3.4243125272898439E-019   1.6592398059933944E-019
   237.00000000000000        3.8911810174658847E-019   2.1534858018823562E-019
   238.00000000000000        4.0672234937549754E-019   2.3278126229351738E-019
   239.00000000000000        3.8376573682783590E-019   2.0979692951889747E-019
   240.00000000000000        3.2860534998326054E-019   1.5872307082380759E-019
   241.00000000000000        2.6094296255014980E-019   1.0255674813768824E-019
   242.00000000000000        1.9781304253417380E-019   5.9445754908951742E-020
   243.00000000000000        1.4677972859965192E-019   3.4685463529809209E-020
   244.00000000000000        1.0807663259427160E-019   2.2841672820813215E-020
   245.00000000000000        7.9389600321839182E-020   1.6561017888317883E-020
   246.00000000000000        5.8531435828620822E-020   1.2592070247214553E-020
   247.00000000000000        4.3864218330172601E-020   1.0048066073706678E-020
   248.00000000000000        3.4044238059778867E-020   8.4102165093179877E-021
   249.00000000000000        2.7891134312550977E-020   7.4116752150732911E-021
   250.00000000000000        2.4348679140724865E-020   7.0178518884308592E-021
   251.00000000000000        2.2431998089772072E-020   7.0960027922409901E-021
   252.00000000000000        2.1253687336335416E-020   7.2876046845682116E-021
   253.00000000000000        2.0206147284811189E-020   7.2397452683026714E-021
   254.00000000000000        1.9159897888554928E-020   6.9925039259102173E-021
   255.00000000000000        1.8417732366228340E-020   7.3355503651492354E-021
   256.00000000000000        1.8340653761313953E-020   9.2152513515128448E-021
   257.00000000000000        1.8895272661045653E-020   1.2217048108894830E-020
   258.00000000000000        1.9513602473575976E-020   1.4990762353405538E-020
   259.00000000000000        1.9418447839421938E-020   1.6345021570019772E-020
   260.00000000000000        1.8155706540021816E-020   1.5741765783112447E-020
   261.00000000000000        1.5890895058358791E-020   1.3456716026543671E-020
   262.00000000000000        1.3247488459779671E-020   1.0409516346680912E-020
   263.00000000000000        1.0860871956584176E-020   7.7619307362607777E-021
   264.00000000000000        9.0191577907668894E-021   6.3218345118484799E-021
   265.00000000000000        7.6223123547589035E-021   5.8393040785539523E-021
   266.00000000000000        6.4005775206619208E-021   5.4480519835333874E-021
   267.00000000000000        5.1642370854929867E-021   4.7076408890058014E-021
   268.00000000000000        3.9075295987607318E-021   3.6682130651486447E-021
   269.00000000000000        2.7515901076975025E-021   2.5669106951270843E-021
   270.00000000000000        1.8252331427535259E-021   1.6208782212670045E-021
   271.00000000000000        1.1835604290929162E-021   9.4672622608065955E-022
   272.00000000000000        7.9797802957530886E-022   5.6871617684347449E-022
   273.00000000000000        5.9263375907643847E-022   4.3336248725732885E-022
   274.00000000000000        4.8712433609327044E-022   4.0717451063106819E-022
   275.00000000000000        4.2189094445930971E-022   3.8939117892241983E-022
   276.00000000000000        3.6401810004877350E-022   3.5253405214084077E-022
   277.00000000000000        3.0171046291266701E-022   2.9807767518857086E-022
   278.00000000000000        2.3570439411920592E-022   2.3466287154092253E-022
   279.00000000000000        1.7190110941177330E-022   1.7162890502696064E-022
   280.00000000000000        1.1641177245799952E-022   1.1634670982096512E-022
   281.00000000000000        7.2957971258617551E-023   7.2943716415110402E-023
   282.00000000000000        4.2224370662210486E-023   4.2221502483922104E-023
   283.00000000000000        2.2536543183625770E-023   2.2536012278631154E-023
   284.00000000000000        1.1085405772541353E-023   1.1085315215600428E-023
   285.00000000000000        5.0245166222372830E-024   5.0245023650085302E-024
   286.00000000000000        2.0991185176867522E-024   2.0991164424738007E-024
   287.00000000000000        8.0880275439671043E-025   8.0880247468991882E-025
   288.00000000000000        2.8766089556911934E-025   2.8766086060297132E-025
   289.00000000000000        9.4536553246789679E-026   9.4536549186272334E-026
   290.00000000000000        2.8741175005776834E-026   2.8741174567064136E-026
   291.00000000000000        8.0935767554234305E-027   8.0935767112549320E-027
   292.00000000000000        2.1138824249545097E-027   2.1138824208045967E-027
   293.00000000000000        5.1276337661968115E-028   5.1276337625525566E-028
   294.00000000000000        1.1567824306874998E-028   1.1567824303879522E-028
   295.00000000000000        2.4304878058388435E-029   2.4304878056080536E-029
   296.00000000000000        4.7626943460212559E-030   4.7626943458543395E-030
   297.00000000000000        8.7164316360965021E-031   8.7164316359830127E-031
   298.00000000000000        1.4919603621476553E-031   1.4919603621403920E-031
   299.00000000000000        2.3917124894385476E-032   2.3917124894341716E-032
   300.00000000000000        3.5957366582050474E-033   3.5957366582025486E-033
   301.00000000000000        5.0766897012211197E-034   5.0766897012197914E-034
   302.00000000000000        6.7400887072712117E-035   6.7400887072705221E-035
   303.00000000000000        8.4258272010385619E-036   8.4258272010382599E-036
   304.00000000000000        9.9307492762094218E-037   9.9307492762092798E-037
   305.00000000000000        1.1049058027753809E-037   1.1049058027753744E-037
   306.00000000000000        1.1619407348478415E-038   1.1619407348478411E-038
   307.00000000000000        1.1563526452563305E-039   1.1563526452563276E-039
   308.00000000000000        1.0903519227418493E-040   1.0903519227418466E-040
   309.00000000000000        9.7527259279691417E-042   9.7527259279691455E-042
   310.00000000000000        8.2846003374811073E-043   8.2846003374811249E-043
   311.00000000000000        6.6910937537019416E-044   6.6910937537019436E-044
   312.00000000000000        5.1438356165353812E-045   5.1438356165354036E-045
   313.00000000000000        3.7680494024946688E-046   3.7680494024946774E-046
   314.00000000000000        2.6330046007906506E-047   2.6330046007906521E-047
   315.00000000000000        1.7569085084377101E-048   1.7569085084377037E-048
   316.00000000000000        1.1206172073235367E-049   1.1206172073235339E-049
   317.00000000000000        6.8393596947226492E-051   6.8393596947226255E-051
   318.00000000000000        3.9981075053371702E-052   3.9981075053371680E-052
   319.00000000000000        2.2407675366643429E-053   2.2407675366643466E-053
   320.00000000000000        1.2051931605359610E-054   1.2051931605359586E-054
   321.00000000000000        6.2264449064379929E-056   6.2264449064379775E-056
   322.00000000000000        3.0927546380395102E-057   3.0927546380395068E-057
   323.00000000000000        1.4783015239069442E-058   1.4783015239069488E-058
   324.00000000000000        6.8057441257466197E-060   6.8057441257466120E-060
   325.00000000000000        3.0203590225181015E-061   3.0203590225180983E-061
   326.00000000000000        1.2932422634408247E-062   1.2932422634408305E-062
   327.00000000000000        5.3468796766405756E-064   5.3468796766405978E-064
   328.00000000000000        2.1363575771105474E-065   2.1363575771105483E-065
   329.00000000000000        8.2555767261515144E-067   8.2555767261515026E-067
   330.00000000000000        3.0878842468100584E-068   3.0878842468100630E-068
   331.00000000000000        1.1187892986245786E-069   1.1187892986245823E-069
   332.00000000000000        3.9294919049411749E-071   3.9294919049411717E-071
   333.00000000000000        1.3388935887793920E-072   1.3388935887793908E-072
   334.00000000000000        4.4288589553906814E-074   4.4288589553906790E-074
   335.00000000000000        1.4232534105325963E-075   1.4232534105325993E-075
   336.00000000000000        4.4465146187732110E-077   4.4465146187732241E-077
   337.00000000000000        1.3514531565875896E-078   1.3514531565875951E-078
   338.00000000000000        3.9986832583513112E-080   3.9986832583513037E-080
   339.00000000000000        1.1525322768501284E-081   1.1525322768501279E-081
   340.00000000000000        3.2380916303283791E-083   3.2380916303283737E-083
   341.00000000000000        8.8735948911986744E-085   8.8735948911986973E-085
   342.00000000000000        2.3733057933432674E-086   2.3733057933432592E-086
   343.00000000000000        6.1989122178010698E-088   6.1989122178010943E-088
   344.00000000000000        1.5821364904717481E-089   1.5821364904717505E-089
   345.00000000000000        3.9481451664743812E-091   3.9481451664743790E-091
   346.00000000000000        9.6385599933167854E-093   9.6385599933167497E-093
   347.00000000000000        2.3032733690101246E-094   2.3032733690101294E-094
   348.00000000000000        5.3905471999968402E-096   5.3905471999968294E-096
   349.00000000000000        1.2362588968895044E-097   1.2362588968895085E-097
   350.00000000000000        2.7797510994604485E-099   2.7797510994604433E-099
   351.00000000000000        6.1312439584657755E-101   6.1312439584657615E-101
   352.00000000000000        1.3272706343646202E-102   1.3272706343646239E-102
   353.00000000000000        2.8213460410972168E-104   2.8213460410972280E-104
   354.00000000000000        5.8918658568588153E-106   5.8918658568588385E-106
   355.00000000000000        1.2093682366294524E-107   1.2093682366294524E-107
   356.00000000000000        2.4410635932102577E-109   2.4410635932102591E-109
   357.00000000000000        4.8474816849579064E-111   4.8474816849579189E-111
   358.00000000000000        9.4747488816988622E-113   9.4747488816988783E-113
   359.00000000000000        1.8235926955557173E-114   1.8235926955557184E-114
   360.00000000000000        3.4576980837870363E-116   3.4576980837870222E-116
   361.00000000000000        6.4614839563940491E-118   6.4614839563940508E-118
   362.00000000000000        1.1905477110320696E-119   1.1905477110320722E-119
   363.00000000000000        2.1637673754284750E-121   2.1637673754284698E-121
   364.00000000000000        3.8806106049658146E-123   3.8806106049658320E-123
   365.00000000000000        6.8705020667983709E-125   6.8705020667983824E-125
   366.00000000000000        1.2012840409841837E-126   1.2012840409841835E-126
   367.00000000000000        2.0750973663254718E-128   2.0750973663254782E-128
   368.00000000000000        3.5426672771082082E-130   3.5426672771082094E-130
   369.00000000000000        5.9797340097935200E-132   5.9797340097935325E-132
   370.00000000000000        9.9827560972003923E-134   9.9827560972003688E-134
   371.00000000000000        1.6488861432330086E-135   1.6488861432330044E-135
   372.00000000000000        2.6955916726300187E-137   2.6955916726300225E-137
   373.00000000000000        4.3630434836970790E-139   4.3630434836970588E-139
   374.00000000000000        6.9942789346265031E-141   6.9942789346265275E-141
   375.00000000000000        1.1108554748973419E-142   1.1108554748973432E-142
   376.00000000000000        1.7485333543190297E-144   1.7485333543190246E-144
   377.00000000000000        2.7285375796397081E-146   2.7285375796397054E-146
   378.00000000000000        4.2224151898574371E-148   4.2224151898574343E-148
   379.00000000000000        6.4818606413388532E-150   6.4818606413388641E-150
   380.00000000000000        9.8736219313082937E-152   9.8736219313083412E-152
   381.00000000000000        1.4928603910392942E-153   1.4928603910392971E-153
   382.00000000000000        2.2410587646737323E-155   2.2410587646737269E-155
   383.00000000000000        3.3411943585647510E-157   3.3411943585649327E-157
   384.00000000000000        4.9486355338384679E-159   4.9486355299241169E-159
   385.00000000000000        7.2832121208647232E-161   7.2832373751085984E-161
   386.00000000000000        1.0654437107811279E-162   1.0483820038254999E-162
   387.00000000000000        1.5496094076886045E-164   0.0000000000000000     
   388.00000000000000        2.2413523875584350E-166   0.0000000000000000     
   389.00000000000000        3.2248096422477882E-168   0.0000000000000000     
   390.00000000000000        4.6164898810734785E-170   0.0000000000000000     
   391.00000000000000        6.5771742919070869E-172   0.0000000000000000     
   392.00000000000000        9.3280374647922516E-174   0.0000000000000000     
   393.00000000000000        1.3172449506774367E-175   0.0000000000000000     
   394.00000000000000        1.8525420787850835E-177   0.0000000000000000     
   395.00000000000000        2.5953322846942464E-179   0.0000000000000000     
   396.00000000000000        3.6227422321548377E-181   0.0000000000000000     
   397.00000000000000        5.0395979951695790E-183   0.0000000000000000     
   398.00000000000000        6.9881302985840983E-185   0.0000000000000000     
   399.00000000000000        9.6610344953957705E-187   0.0000000000000000     
   400.00000000000000        1.3319042334600277E-188   0.0000000000000000     
   401.00000000000000        1.8314564775081135E-190   0.0000000000000000     
   402.00000000000000        2.5123509294860050E-192   0.0000000000000000     
   403.00000000000000        3.4388112509060513E-194   0.0000000000000000     
   404.00000000000000        4.6974629516977561E-196   0.0000000000000000     
   405.00000000000000        6.4051081375615970E-198   0.0000000000000000     
   406.00000000000000        8.7192113574659021E-200   0.0000000000000000     
   407.00000000000000        1.1852054335099129E-201   0.0000000000000000     
   408.00000000000000        1.6089862330588041E-203   0.0000000000000000     
   409.00000000000000        2.1818677048338678E-205   0.0000000000000000     
   410.00000000000000        2.9559398540378859E-207   0.0000000000000000     
   411.00000000000000        4.0015308354347509E-209   0.0000000000000000     
   412.00000000000000        5.4136611399624815E-211   0.0000000000000000     
   413.00000000000000        7.3208224674297362E-213   0.0000000000000000     
   414.00000000000000        9.8969379013035120E-215   0.0000000000000000     
   415.00000000000000        1.3377684048777812E-216   0.0000000000000000     
   416.00000000000000        1.8082805968000506E-218   0.0000000000000000     
   417.00000000000000        2.4446682526666833E-220   0.0000000000000000     
   418.00000000000000        3.3060274757844467E-222   0.0000000000000000     
   419.00000000000000        4.4728814010939865E-224   0.0000000000000000     
   420.00000000000000        6.0551304018275530E-226   0.0000000000000000     
   421.00000000000000        8.2030326219569938E-228   0.0000000000000000     
   422.00000000000000        1.1122404335220852E-229   0.0000000000000000     
   423.00000000000000        1.5095711146798072E-231   0.0000000000000000     
   424.00000000000000        2.0511403711874537E-233   0.0000000000000000     
   425.00000000000000        2.7904822165304783E-235   0.0000000000000000     
   426.00000000000000        3.8015377135596950E-237   0.0000000000000000     
   427.00000000000000        5.1866693634611700E-239   0.0000000000000000     
   428.00000000000000        7.0879241211945101E-241   0.0000000000000000     
   429.00000000000000        9.7029054376356068E-243   0.0000000000000000     
   430.00000000000000        1.3307203427225664E-244   0.0000000000000000     
   431.00000000000000        1.8286184178482650E-246   0.0000000000000000     
   432.00000000000000        2.5180175916924463E-248   0.0000000000000000     
   433.00000000000000        3.4748890692616261E-250   0.0000000000000000     
   434.00000000000000        4.8063551427479839E-252   0.0000000000000000     
   435.00000000000000        6.6639050820118766E-254   0.0000000000000000     
   436.00000000000000        9.2624140347282666E-256   0.0000000000000000     
   437.00000000000000        1.2907601677943440E-257   0.0000000000000000     
   438.00000000000000        1.8035806531707175E-259   0.0000000000000000     
   439.00000000000000        2.5271792956199394E-261   0.0000000000000000     
   440.00000000000000        3.5513052906089858E-263   0.0000000000000000     
   441.00000000000000        5.0053171873835636E-265   0.0000000000000000     
   442.00000000000000        7.0762996323893034E-267   0.0000000000000000     
   443.00000000000000        1.0035763575092869E-268   0.0000000000000000     
   444.00000000000000        1.4279139429064769E-270   0.0000000000000000     
   445.00000000000000        2.0384407752023707E-272   0.0000000000000000     
   446.00000000000000        2.9199466039512371E-274   0.0000000000000000     
   447.00000000000000        4.1972808607291414E-276   0.0000000000000000     
   448.00000000000000        6.0549742465832109E-278   0.0000000000000000     
   449.00000000000000        8.7668150816396368E-280   0.0000000000000000     
   450.00000000000000        1.2740606385428678E-281   0.0000000000000000     
   451.00000000000000        1.8586165601750345E-283   0.0000000000000000     
   452.00000000000000        2.7219054041313200E-285   0.0000000000000000     
   453.00000000000000        4.0019456223900999E-287   0.0000000000000000     
   454.00000000000000        5.9076536497308799E-289   0.0000000000000000     
   455.00000000000000        8.7565830979544221E-291   0.0000000000000000     
   456.00000000000000        1.3033456747876481E-292   0.0000000000000000     
   457.00000000000000        1.9481335350850491E-294   0.0000000000000000     
   458.00000000000000        2.9244234633424223E-296   0.0000000000000000     
   459.00000000000000        4.4091197577064818E-298   0.0000000000000000     
   460.00000000000000        6.6769897559843723E-300   0.0000000000000000     
   461.00000000000000        1.0156713682352559E-301   0.0000000000000000     
   462.00000000000000        1.5520129261641619E-303   0.0000000000000000     
   463.00000000000000        2.3824975628841337E-305   0.0000000000000000     
   464.00000000000000        3.6744254352640067E-307   0.0000000000000000     
   465.00000000000000        5.6936472007477889E-309   0.0000000000000000     
   466.00000000000000        8.8646088734506901E-311   0.0000000000000000     
   467.00000000000000        1.3868189417032616E-312   0.0000000000000000     
   468.00000000000000        2.1801875383768837E-314   0.0000000000000000     
   469.00000000000000        3.4443246486071598E-316   0.0000000000000000     
   470.00000000000000        5.4685507790244621E-318   0.0000000000000000     
   471.00000000000000        8.7261874368480965E-320   0.0000000000000000     
   472.00000000000000        1.3982057777307277E-321   0.0000000000000000     
   473.00000000000000        2.4703282292062327E-323   0.0000000000000000     
   474.00000000000000        0.0000000000000000        0.0000000000000000     
   475.00000000000000        0.0000000000000000        0.0000000000000000     
   476.00000000000000        0.0000000000000000        0.0000000000000000     
   477.00000000000000        0.0000000000000000        0.0000000000000000     
   478.00000000000000        0.0000000000000000        0.0000000000000000     
   479.00000000000000        0.0000000000000000        0.0000000000000000     
   480.00000000000000        0.0000000000000000        0.0000000000000000     
   481.00000000000000        0.0000000000000000        0.0000000000000000     
   482.00000000000000        0.0000000000000000        0.0000000000000000     
   483.00000000000000        0.0000000000000000        0.0000000000000000     
   484.00000000000000        0.0000000000000000        0.0000000000000000     
   485.00000000000000        0.0000000000000000        0.0000000000000000     
   486.00000000000000        0.0000000000000000        0.0000000000000000     
   487.00000000000000        0.0000000000000000        0.0000000000000000     
   488.00000000000000        0.0000000000000000        0.0000000000000000     
   489.00000000000000        0.0000000000000000        0.0000000000000000     
   490.00000000000000        0.0000000000000000        0.0000000000000000     
   491.00000000000000        0.0000000000000000        0.0000000000000000     
   492.00000000000000        0.0000000000000000        0.0000000000000000     
   493.00000000000000        0.0000000000000000        0.0000000000000000     
   494.00000000000000        0.0000000000000000        0.0000000000000000     
   495.00000000000000        0.0000000000000000        0.0000000000000000     
   496.00000000000000        0.0000000000000000        0.0000000000000000     
   497.00000000000000        0.0000000000000000        0.0000000000000000     
   498.00000000000000        0.0000000000000000        0.0000000000000000     
   499.00000000000000        0.0000000000000000        0.0000000000000000     
   500.00000000000000        0.0000000000000000        0.0000000000000000     
   501.00000000000000        0.0000000000000000        0.0000000000000000     
   502.00000000000000        0.0000000000000000        0.0000000000000000     
   503.00000000000000        0.0000000000000000        0.0000000000000000     
   504.00000000000000        0.0000000000000000        0.0000000000000000     
   505.00000000000000        0.0000000000000000        0.0000000000000000     
   506.00000000000000        0.0000000000000000        0.0000000000000000     
   507.00000000000000        0.0000000000000000        0.0000000000000000     
   508.00000000000000        0.0000000000000000        0.0000000000000000     
   509.00000000000000        0.0000000000000000        0.0000000000000000     
   510.00000000000000        0.0000000000000000        0.0000000000000000     
   511.00000000000000        0.0000000000000000        0.0000000000000000     
   512.00000000000000        0.0000000000000000        0.0000000000000000     
   513.00000000000000        0.0000000000000000        0.0000000000000000     
   514.00000000000000        0.0000000000000000        0.0000000000000000     
   515.00000000000000        0.0000000000000000        0.0000000000000000     
   516.00000000000000        0.0000000000000000        0.0000000000000000     
   517.00000000000000        0.0000000000000000        0.0000000000000000     
   518.00000000000000        0.0000000000000000        0.0000000000000000     
   519.00000000000000        0.0000000000000000        0.0000000000000000     
   520.00000000000000        0.0000000000000000        0.0000000000000000     
   521.00000000000000        0.0000000000000000        0.0000000000000000     
   522.00000000000000        0.0000000000000000        0.0000000000000000     
   523.00000000000000        0.0000000000000000        0.0000000000000000     
   524.00000000000000        0.0000000000000000        0.0000000000000000     
   525.00000000000000        0.0000000000000000        0.0000000000000000     
   526.00000000000000        0.0000000000000000        0.0000000000000000     
   527.00000000000000        0.0000000000000000        0.0000000000000000     
   528.00000000000000        0.0000000000000000        0.0000000000000000     
   529.00000000000000        0.0000000000000000        0.0000000000000000     
   530.00000000000000        0.0000000000000000        0.0000000000000000     
   531.00000000000000        0.0000000000000000        0.0000000000000000     
   532.00000000000000        0.0000000000000000        0.0000000000000000     
   533.00000000000000        0.0000000000000000        0.0000000000000000     
   534.00000000000000        0.0000000000000000        0.0000000000000000     
   535.00000000000000        0.0000000000000000        0.0000000000000000     
   536.00000000000000        0.0000000000000000        0.0000000000000000     
   537.00000000000000        0.0000000000000000        0.0000000000000000     
   538.00000000000000        0.0000000000000000        0.0000000000000000     
   539.00000000000000        0.0000000000000000        0.0000000000000000     
   540.00000000000000        0.0000000000000000        0.0000000000000000     
   541.00000000000000        0.0000000000000000        0.0000000000000000     
   542.00000000000000        0.0000000000000000        0.0000000000000000     
   543.00000000000000        0.0000000000000000        0.0000000000000000     
   544.00000000000000        0.0000000000000000        0.0000000000000000     
   545.00000000000000        0.0000000000000000        0.0000000000000000     
   546.00000000000000        0.0000000000000000        0.0000000000000000     
   547.00000000000000        0.0000000000000000        0.0000000000000000     
   548.00000000000000        0.0000000000000000        0.0000000000000000     
   549.00000000000000        0.0000000000000000        0.0000000000000000     
   550.00000000000000        0.0000000000000000        0.0000000000000000     
   551.00000000000000        0.0000000000000000        0.0000000000000000     
   552.00000000000000        0.0000000000000000        0.0000000000000000     
   553.00000000000000        0.0000000000000000        0.0000000000000000     
   554.00000000000000        0.0000000000000000        0.0000000000000000     
   555.00000000000000        0.0000000000000000        0.0000000000000000     
   556.00000000000000        0.0000000000000000        0.0000000000000000     
   557.00000000000000        0.0000000000000000        0.0000000000000000     
   558.00000000000000        0.0000000000000000        0.0000000000000000     
   559.00000000000000        0.0000000000000000        0.0000000000000000     
   560.00000000000000        0.0000000000000000        0.0000000000000000     
   561.00000000000000        0.0000000000000000        0.0000000000000000     
   562.00000000000000        0.0000000000000000        0.0000000000000000     
   563.00000000000000        0.0000000000000000        0.0000000000000000     
   564.00000000000000        0.0000000000000000        0.0000000000000000     
   565.00000000000000        0.0000000000000000        0.0000000000000000     
   566.00000000000000        0.0000000000000000        0.0000000000000000     
   567.00000000000000        0.0000000000000000        0.0000000000000000     
   568.00000000000000        0.0000000000000000        0.0000000000000000     
   569.00000000000000        0.0000000000000000        0.0000000000000000     
   570.00000000000000        0.0000000000000000        0.0000000000000000     
   571.00000000000000        0.0000000000000000        0.0000000000000000     
   572.00000000000000        0.0000000000000000        0.0000000000000000     
   573.00000000000000        0.0000000000000000        0.0000000000000000     
   574.00000000000000        0.0000000000000000        0.0000000000000000     
   575.00000000000000        0.0000000000000000        0.0000000000000000     
   576.00000000000000        0.0000000000000000        0.0000000000000000     
   577.00000000000000        0.0000000000000000        0.0000000000000000     
   578.00000000000000        0.0000000000000000        0.0000000000000000     
   579.00000000000000        0.0000000000000000        0.0000000000000000     
   580.00000000000000        0.0000000000000000        0.0000000000000000     
   581.00000000000000        0.0000000000000000        0.0000000000000000     
   582.00000000000000        0.0000000000000000        0.0000000000000000     
   583.00000000000000        0.0000000000000000        0.0000000000000000     
   584.00000000000000        0.0000000000000000        0.0000000000000000     
   585.00000000000000        0.0000000000000000        0.0000000000000000     
   586.00000000000000        0.0000000000000000        0.0000000000000000     
   587.00000000000000        0.0000000000000000        0.0000000000000000     
   588.00000000000000        0.0000000000000000        0.0000000000000000     
   589.00000000000000        0.0000000000000000        0.0000000000000000     
   590.00000000000000        0.0000000000000000        0.0000000000000000     
   591.00000000000000        0.0000000000000000        0.0000000000000000     
   592.00000000000000        0.0000000000000000        0.0000000000000000     
   593.00000000000000        0.0000000000000000        0.0000000000000000     
   594.00000000000000        0.0000000000000000        0.0000000000000000     
   595.00000000000000        0.0000000000000000        0.0000000000000000     
   596.00000000000000        0.0000000000000000        0.0000000000000000     
   597.00000000000000        0.0000000000000000        0.0000000000000000     
   598.00000000000000        0.0000000000000000        0.0000000000000000     
   599.00000000000000        0.0000000000000000        0.0000000000000000     
   600.00000000000000        0.0000000000000000        0.0000000000000000     
