5 431          # first data record, number of data records
# XS_nm_spectr_hgbrno2_cas1612_vtzp_d10.txt
# without temperature correction
# E[nm] sigma(E)[cm2/molecule]
   170.00000000000000        7.6343840297247566E-018   8.2671438574197240E-019
   171.00000000000000        6.2028632756278869E-018   6.9302291696645298E-019
   172.00000000000000        5.2730491539643991E-018   5.9091728405834825E-019
   173.00000000000000        4.7371661570901169E-018   4.9695949184877997E-019
   174.00000000000000        4.6730592276650733E-018   4.4855062025671149E-019
   175.00000000000000        4.8279721361923362E-018   4.7274628403129907E-019
   176.00000000000000        5.0776330610507435E-018   4.5033464170720833E-019
   177.00000000000000        5.9018124810725889E-018   5.1799211405529252E-019
   178.00000000000000        7.3442592713829058E-018   7.4549375502351908E-019
   179.00000000000000        8.6865537296073912E-018   9.4274008420357859E-019
   180.00000000000000        9.2980091940232990E-018   1.0445135722271148E-018
   181.00000000000000        9.0071785202068414E-018   1.0122069531088438E-018
   182.00000000000000        8.0808227490386423E-018   9.7122526186353151E-019
   183.00000000000000        7.0479850421540761E-018   9.1700440210525762E-019
   184.00000000000000        6.4362052098918786E-018   8.4722051847235379E-019
   185.00000000000000        6.3591646979905429E-018   8.9505993388008791E-019
   186.00000000000000        6.4426603894004751E-018   8.9251008086864897E-019
   187.00000000000000        6.5577876352027625E-018   7.8726452111517709E-019
   188.00000000000000        6.9364249601199178E-018   7.1777788503493641E-019
   189.00000000000000        7.6331752462141815E-018   6.8225869869434701E-019
   190.00000000000000        8.5009651463096544E-018   6.5226908509623151E-019
   191.00000000000000        9.3214833169095135E-018   6.7231193272545608E-019
   192.00000000000000        9.7904644673348785E-018   6.7790801962384275E-019
   193.00000000000000        9.7568929658668680E-018   6.2256669015669936E-019
   194.00000000000000        9.4250864675302422E-018   6.3254924516298057E-019
   195.00000000000000        9.0369672901531402E-018   7.8922095517026077E-019
   196.00000000000000        8.5718569183400180E-018   8.4794913597186249E-019
   197.00000000000000        8.0588860019627231E-018   6.9832879622935832E-019
   198.00000000000000        7.7869918950885727E-018   5.4983132980707630E-019
   199.00000000000000        7.9406726391645547E-018   5.2547930730489353E-019
   200.00000000000000        8.4356052822251106E-018   5.3264908338438737E-019
   201.00000000000000        9.1388717488863729E-018   5.5993842728410839E-019
   202.00000000000000        9.8752054955113129E-018   6.6504649772802778E-019
   203.00000000000000        1.0292486048188247E-017   8.0667975445920081E-019
   204.00000000000000        1.0073354333671977E-017   8.4788930926046031E-019
   205.00000000000000        9.2695013344838441E-018   7.6392460714205894E-019
   206.00000000000000        8.2512861135506671E-018   6.7366293272759655E-019
   207.00000000000000        7.3872198263389783E-018   6.0417151006225883E-019
   208.00000000000000        6.8326135848724059E-018   5.4050377529528824E-019
   209.00000000000000        6.5406284968334696E-018   5.4121104019118053E-019
   210.00000000000000        6.4143043407400265E-018   5.7744923252872817E-019
   211.00000000000000        6.4195302316542214E-018   5.8860048143170731E-019
   212.00000000000000        6.5359279841777893E-018   5.8002112747952328E-019
   213.00000000000000        6.6603183005011278E-018   5.8518670612691642E-019
   214.00000000000000        6.6440357950572899E-018   6.0464843503318032E-019
   215.00000000000000        6.4387589963311265E-018   6.0537926053927384E-019
   216.00000000000000        6.1564681358392022E-018   5.8073811519028776E-019
   217.00000000000000        5.9570912367685151E-018   5.7919052009233260E-019
   218.00000000000000        5.9013708463890452E-018   6.2260747030241271E-019
   219.00000000000000        5.9201566067444976E-018   6.6038270685990968E-019
   220.00000000000000        5.8803987423497188E-018   6.5081647148506486E-019
   221.00000000000000        5.6668053433228089E-018   6.0181052189054502E-019
   222.00000000000000        5.2511056234123607E-018   5.4393514994932700E-019
   223.00000000000000        4.7128215161695920E-018   4.9353223052624909E-019
   224.00000000000000        4.1780397595016823E-018   4.5518121979299339E-019
   225.00000000000000        3.7330224757247761E-018   4.3751473534199035E-019
   226.00000000000000        3.4007219174356456E-018   4.5166739750657392E-019
   227.00000000000000        3.1792643405468493E-018   4.9910427686069269E-019
   228.00000000000000        3.0731308869688973E-018   5.7301536053522665E-019
   229.00000000000000        3.0836579913863000E-018   6.4943928936245336E-019
   230.00000000000000        3.1933828723834631E-018   6.8407175913681542E-019
   231.00000000000000        3.3842216472538544E-018   6.6356559655119016E-019
   232.00000000000000        3.6734643443782115E-018   6.3322648328929819E-019
   233.00000000000000        4.1150094273192019E-018   6.5367851250411859E-019
   234.00000000000000        4.7407792921259573E-018   7.5483869469230084E-019
   235.00000000000000        5.4803589924929744E-018   9.2473193181478778E-019
   236.00000000000000        6.1465549762434682E-018   1.0962351567754122E-018
   237.00000000000000        6.5486655011543403E-018   1.1787596388283117E-018
   238.00000000000000        6.6706267836377595E-018   1.1339912429069001E-018
   239.00000000000000        6.7458702423208119E-018   1.0275504521177523E-018
   240.00000000000000        7.1279208400912810E-018   1.0190045325075071E-018
   241.00000000000000        8.0488877070915132E-018   1.2248484626973039E-018
   242.00000000000000        9.4675972550435735E-018   1.5759913592845783E-018
   243.00000000000000        1.1128946928908852E-017   1.9272947732453516E-018
   244.00000000000000        1.2778689147228578E-017   2.1693008789715000E-018
   245.00000000000000        1.4358925540786784E-017   2.2657834978312968E-018
   246.00000000000000        1.6031330934158431E-017   2.2716910166622439E-018
   247.00000000000000        1.8013839912511136E-017   2.3187263754201249E-018
   248.00000000000000        2.0370112002622121E-017   2.5016702896791321E-018
   249.00000000000000        2.2931818661517863E-017   2.7582876119998010E-018
   250.00000000000000        2.5409364454855758E-017   2.9655695673534503E-018
   251.00000000000000        2.7572612731016969E-017   3.0858655057376143E-018
   252.00000000000000        2.9346433084754911E-017   3.1572309636638907E-018
   253.00000000000000        3.0787557558078965E-017   3.2144437791180480E-018
   254.00000000000000        3.2018610661595212E-017   3.2866962510252799E-018
   255.00000000000000        3.3178027990701147E-017   3.4245169001518090E-018
   256.00000000000000        3.4377641943107505E-017   3.6364372250015704E-018
   257.00000000000000        3.5654269253776403E-017   3.8399338794885717E-018
   258.00000000000000        3.6944194466582984E-017   3.9432011534073584E-018
   259.00000000000000        3.8116907807940186E-017   3.9330215660803821E-018
   260.00000000000000        3.9055680430480171E-017   3.8672925866933938E-018
   261.00000000000000        3.9728251641521350E-017   3.8183406020425510E-018
   262.00000000000000        4.0206225495310441E-017   3.8331266620553270E-018
   263.00000000000000        4.0644257083372521E-017   3.9259642100120274E-018
   264.00000000000000        4.1251235149549555E-017   4.0925952638392454E-018
   265.00000000000000        4.2254219425863570E-017   4.3248667334337496E-018
   266.00000000000000        4.3825374990935060E-017   4.6094141338262840E-018
   267.00000000000000        4.5966214880764304E-017   4.9247707044678747E-018
   268.00000000000000        4.8406245640239306E-017   5.2457933222795731E-018
   269.00000000000000        5.0608257533346424E-017   5.5360260251879497E-018
   270.00000000000000        5.1931100765012314E-017   5.7361483710528882E-018
   271.00000000000000        5.1896974560564372E-017   5.7836669262518655E-018
   272.00000000000000        5.0418411894372092E-017   5.6594007168383592E-018
   273.00000000000000        4.7842012777256930E-017   5.4167622910004368E-018
   274.00000000000000        4.4775422204307910E-017   5.1618935872280261E-018
   275.00000000000000        4.1801712017411878E-017   4.9913081163141151E-018
   276.00000000000000        3.9245444658021942E-017   4.9362134643132303E-018
   277.00000000000000        3.7101301611793417E-017   4.9633470175071120E-018
   278.00000000000000        3.5126215856083996E-017   5.0111258478873111E-018
   279.00000000000000        3.3013887991977611E-017   5.0111459254554172E-018
   280.00000000000000        3.0555361087345541E-017   4.9003751835247537E-018
   281.00000000000000        2.7723582510529650E-017   4.6463552928709225E-018
   282.00000000000000        2.4667419561846347E-017   4.2716741296967236E-018
   283.00000000000000        2.1637974028635687E-017   3.8519601682207757E-018
   284.00000000000000        1.8889194320622432E-017   3.4827908040990285E-018
   285.00000000000000        1.6594591960141105E-017   3.2329898904971854E-018
   286.00000000000000        1.4806075448459565E-017   3.1143981811800360E-018
   287.00000000000000        1.3458987070355670E-017   3.0907657491212089E-018
   288.00000000000000        1.2410307262262728E-017   3.1110762013848493E-018
   289.00000000000000        1.1490378604102255E-017   3.1323276392737826E-018
   290.00000000000000        1.0550875418282455E-017   3.1202276770407787E-018
   291.00000000000000        9.4980261701896816E-018   3.0417375020533282E-018
   292.00000000000000        8.3062732578367028E-018   2.8670350522287284E-018
   293.00000000000000        7.0124880198037074E-018   2.5832822566604726E-018
   294.00000000000000        5.6950648972092238E-018   2.2065312036383818E-018
   295.00000000000000        4.4457121662024599E-018   1.7793936452428297E-018
   296.00000000000000        3.3432515000337353E-018   1.3553670957998853E-018
   297.00000000000000        2.4369292821021619E-018   9.8012086288177136E-019
   298.00000000000000        1.7420987411709609E-018   6.7971329259464050E-019
   299.00000000000000        1.2460543681529156E-018   4.5954638903228217E-019
   300.00000000000000        9.1887318651399212E-019   3.1169305413097804E-019
   301.00000000000000        7.2425593047262898E-019   2.2459854946138492E-019
   302.00000000000000        6.2752277018945090E-019   1.8679821377069600E-019
   303.00000000000000        6.0028547604129008E-019   1.8176199251749863E-019
   304.00000000000000        6.2264009863313614E-019   1.9012070593957651E-019
   305.00000000000000        6.8382484819641452E-019   1.9975112288066226E-019
   306.00000000000000        7.8173330401310039E-019   2.0806759884852202E-019
   307.00000000000000        9.2116241067943864E-019   2.1961966024813153E-019
   308.00000000000000        1.1106201818470558E-018   2.4190198904301811E-019
   309.00000000000000        1.3579412286172542E-018   2.7932327434334403E-019
   310.00000000000000        1.6655935464609132E-018   3.2967476371580175E-019
   311.00000000000000        2.0270248731602397E-018   3.8582098191048739E-019
   312.00000000000000        2.4253627140519825E-018   4.3900082414323579E-019
   313.00000000000000        2.8351316580854610E-018   4.8124755175330627E-019
   314.00000000000000        3.2265827509716777E-018   5.0729307551305460E-019
   315.00000000000000        3.5712169667083003E-018   5.1627756323149475E-019
   316.00000000000000        3.8466518817028208E-018   5.1280931722762921E-019
   317.00000000000000        4.0393809900196164E-018   5.0635597743636200E-019
   318.00000000000000        4.1449993543304915E-018   5.0770085097886771E-019
   319.00000000000000        4.1665485755311201E-018   5.2285555542730227E-019
   320.00000000000000        4.1121944404040114E-018   5.4899130141665790E-019
   321.00000000000000        3.9932720351091898E-018   5.7676259001076310E-019
   322.00000000000000        3.8230578837588009E-018   5.9637560991129859E-019
   323.00000000000000        3.6159583544943920E-018   6.0233050492540406E-019
   324.00000000000000        3.3865521592324790E-018   5.9529269680863902E-019
   325.00000000000000        3.1481761891478961E-018   5.8149683358954068E-019
   326.00000000000000        2.9112541842699851E-018   5.6984682340936894E-019
   327.00000000000000        2.6819668779454378E-018   5.6714243797624091E-019
   328.00000000000000        2.4618944945449528E-018   5.7384751780221634E-019
   329.00000000000000        2.2489157612397091E-018   5.8381702196633420E-019
   330.00000000000000        2.0391234703347419E-018   5.8799604916484582E-019
   331.00000000000000        1.8290916621356181E-018   5.7863036926480909E-019
   332.00000000000000        1.6177034625460996E-018   5.5162635908654137E-019
   333.00000000000000        1.4069574822520200E-018   5.0704966867697125E-019
   334.00000000000000        1.2015929652611638E-018   4.4848640130191947E-019
   335.00000000000000        1.0078094248186652E-018   3.8183062566403988E-019
   336.00000000000000        8.3162839633492064E-019   3.1388553322222849E-019
   337.00000000000000        6.7747342043173016E-019   2.5107407076425158E-019
   338.00000000000000        5.4736376333036316E-019   1.9841820760966299E-019
   339.00000000000000        4.4083864097435467E-019   1.5872866205219897E-019
   340.00000000000000        3.5547595975382763E-019   1.3192172561680948E-019
   341.00000000000000        2.8772579794941509E-019   1.1500923717654018E-019
   342.00000000000000        2.3376346912779324E-019   1.0359627927915385E-019
   343.00000000000000        1.9014694785475491E-019   9.3988798147904621E-020
   344.00000000000000        1.5418249890006143E-019   8.4153939243127913E-020
   345.00000000000000        1.2401002883422021E-019   7.3480667475208981E-020
   346.00000000000000        9.8487256324969591E-020   6.2197552792625287E-020
   347.00000000000000        7.6973957330037557E-020   5.0895276539895464E-020
   348.00000000000000        5.9104842575579554E-020   4.0217831244782865E-020
   349.00000000000000        4.4608713564820970E-020   3.0686442555116420E-020
   350.00000000000000        3.3197664404924919E-020   2.2620565160982752E-020
   351.00000000000000        2.4523324487250687E-020   1.6128825181452566E-020
   352.00000000000000        1.8181709927506397E-020   1.1145314343358403E-020
   353.00000000000000        1.3743747319515622E-020   7.4880387034378023E-021
   354.00000000000000        1.0791782733510557E-020   4.9203058048214316E-021
   355.00000000000000        8.9493760911372504E-021   3.2021917137929870E-021
   356.00000000000000        7.8989709966838535E-021   2.1249434400542152E-021
   357.00000000000000        7.3875128888058319E-021   1.5215585281235145E-021
   358.00000000000000        7.2230613134936708E-021   1.2478592920314234E-021
   359.00000000000000        7.2662353307832164E-021   1.1656089637613548E-021
   360.00000000000000        7.4197618590063333E-021   1.1688651553535509E-021
   361.00000000000000        7.6182974814085565E-021   1.2019683712402669E-021
   362.00000000000000        7.8196423514066348E-021   1.2427597936298813E-021
   363.00000000000000        7.9977215547104418E-021   1.2833466840813775E-021
   364.00000000000000        8.1372955817470783E-021   1.3203471459287103E-021
   365.00000000000000        8.2301809826444472E-021   1.3513391874345410E-021
   366.00000000000000        8.2727032760860562E-021   1.3741266948175242E-021
   367.00000000000000        8.2640931188238178E-021   1.3870398725239442E-021
   368.00000000000000        8.2055452273050609E-021   1.3893648366489420E-021
   369.00000000000000        8.0996863677509663E-021   1.3814933976882067E-021
   370.00000000000000        7.9502476472703860E-021   1.3647121163964806E-021
   371.00000000000000        7.7618028880209536E-021   1.3407481025557222E-021
   372.00000000000000        7.5395052690179284E-021   1.3112724466591149E-021
   373.00000000000000        7.2888122969578665E-021   1.2775514084753287E-021
   374.00000000000000        7.0152234762316646E-021   1.2403542470390857E-021
   375.00000000000000        6.7240642508667192E-021   1.2001088927912337E-021
   376.00000000000000        6.4203407680950728E-021   1.1571915056514278E-021
   377.00000000000000        6.1086733732841109E-021   1.1121901244260221E-021
   378.00000000000000        5.7933015926926664E-021   1.0660133852661060E-021
   379.00000000000000        5.4781441184895468E-021   1.0198014742520499E-021
   380.00000000000000        5.1668936008099665E-021   9.7469424276958673E-022
   381.00000000000000        4.8631249063070448E-021   9.3157669140910316E-022
   382.00000000000000        4.5703942428114185E-021   8.9092676586941143E-022
   383.00000000000000        4.2923047095854514E-021   8.5283443601439549E-022
   384.00000000000000        4.0325133295496468E-021   8.1717621488151599E-022
   385.00000000000000        3.7946583991970982E-021   7.8386292166250676E-022
   386.00000000000000        3.5821960893587232E-021   7.5306039202871594E-022
   387.00000000000000        3.3981513236421439E-021   7.2530708152160097E-022
   388.00000000000000        3.2448070932444941E-021   7.0149279192164908E-022
   389.00000000000000        3.1233738751074008E-021   6.8270049695956631E-022
   390.00000000000000        3.0336919748824061E-021   6.6994761946881871E-022
   391.00000000000000        2.9740212144842165E-021   6.6389694663415831E-022
   392.00000000000000        2.9409636885039138E-021   6.6462810010951628E-022
   393.00000000000000        2.9295480723414975E-021   6.7154352972911445E-022
   394.00000000000000        2.9334816609896297E-021   6.8342419329470290E-022
   395.00000000000000        2.9455530601620846E-021   6.9858639894129041E-022
   396.00000000000000        2.9581479606929831E-021   7.1506851533110719E-022
   397.00000000000000        2.9638254138003548E-021   7.3080044806612042E-022
   398.00000000000000        2.9558940278519915E-021   7.4374741527929637E-022
   399.00000000000000        2.9289270435199182E-021   7.5204142910083636E-022
   400.00000000000000        2.8791620469301171E-021   7.5411246084549375E-022
   401.00000000000000        2.8047442542847431E-021   7.4881751613899747E-022
   402.00000000000000        2.7057903527979613E-021   7.3555275273649346E-022
   403.00000000000000        2.5842707102154562E-021   7.1432825150611270E-022
   404.00000000000000        2.4437287485545687E-021   6.8578771007712185E-022
   405.00000000000000        2.2888745630131876E-021   6.5116333390706098E-022
   406.00000000000000        2.1251028387039885E-021   6.1216597072428588E-022
   407.00000000000000        1.9579909396058167E-021   5.7081933541569149E-022
   408.00000000000000        1.7928310895813802E-021   5.2925385011024595E-022
   409.00000000000000        1.6342415810921257E-021   4.8948086514864260E-022
   410.00000000000000        1.4858878777859733E-021   4.5317384508140167E-022
   411.00000000000000        1.3503279981037710E-021   4.2149048190318175E-022
   412.00000000000000        1.2289804691279471E-021   3.9497428260661354E-022
   413.00000000000000        1.1221997444142008E-021   3.7356487047906631E-022
   414.00000000000000        1.0294347414857498E-021   3.5671507194761539E-022
   415.00000000000000        9.4944153386626199E-022   3.4357176236640813E-022
   416.00000000000000        8.8052082289755320E-022   3.3315617039634211E-022
   417.00000000000000        8.2075364710109321E-022   3.2449540143359057E-022
   418.00000000000000        7.6821368694960200E-022   3.1669519402473208E-022
   419.00000000000000        7.2114041183176400E-022   3.0897465073011253E-022
   420.00000000000000        6.7806338678071188E-022   3.0069151152092579E-022
   421.00000000000000        6.3787381045835733E-022   2.9137637064190778E-022
   422.00000000000000        5.9984453177691847E-022   2.8077882281546853E-022
   423.00000000000000        5.6360424820738744E-022   2.6891690058343629E-022
   424.00000000000000        5.2907519467289920E-022   2.5611529004485343E-022
   425.00000000000000        4.9638621790389735E-022   2.4301468160260205E-022
   426.00000000000000        4.6577449929644769E-022   2.3053039255106512E-022
   427.00000000000000        4.3748917690810121E-022   2.1973403918038353E-022
   428.00000000000000        4.1170867802230371E-022   2.1164032735478662E-022
   429.00000000000000        3.8848084194078696E-022   2.0692482472742041E-022
   430.00000000000000        3.6769122284415023E-022   2.0567581186194134E-022
   431.00000000000000        3.4906081515348355E-022   2.0732004459518250E-022
   432.00000000000000        3.3217042438336287E-022   2.1077566600729846E-022
   433.00000000000000        3.1650557957519107E-022   2.1473865270256024E-022
   434.00000000000000        3.0151368861446395E-022   2.1795655477351057E-022
   435.00000000000000        2.8666431277552746E-022   2.1940714685632033E-022
   436.00000000000000        2.7150398435248586E-022   2.1837879005666567E-022
   437.00000000000000        2.5569869393574753E-022   2.1448291957014959E-022
   438.00000000000000        2.3905965097164245E-022   2.0762789437857078E-022
   439.00000000000000        2.2155071051545964E-022   1.9797283548081490E-022
   440.00000000000000        2.0327850544051108E-022   1.8587189651204641E-022
   441.00000000000000        1.8446845513658628E-022   1.7181519667039670E-022
   442.00000000000000        1.6543120170465196E-022   1.5637085556242898E-022
   443.00000000000000        1.4652456948095228E-022   1.4013173062789628E-022
   444.00000000000000        1.2811591296086944E-022   1.2366976713877908E-022
   445.00000000000000        1.1054888005801736E-022   1.0750003618709138E-022
   446.00000000000000        9.4117401924197707E-023   9.2055547304273880E-023
   447.00000000000000        7.9048369800046012E-023   7.7672891382783305E-023
   448.00000000000000        6.5493187466543020E-023   6.4587835542290328E-023
   449.00000000000000        5.3527352179554466E-023   5.2939268780432928E-023
   450.00000000000000        4.3156505940695986E-023   4.2779451411992768E-023
   451.00000000000000        3.4327034039196289E-023   3.4088365130984787E-023
   452.00000000000000        2.6939235964432108E-023   2.6790061643419553E-023
   453.00000000000000        2.0861285903018467E-023   2.0769203468103565E-023
   454.00000000000000        1.5942550427977044E-023   1.5886404248741694E-023
   455.00000000000000        1.2025254560857794E-023   1.1991432584169695E-023
   456.00000000000000        8.9539120076976676E-024   8.9337800273212023E-024
   457.00000000000000        6.5823087777044004E-024   6.5704659623511454E-024
   458.00000000000000        4.7781210428986953E-024   4.7712349078772018E-024
   459.00000000000000        3.4254471087676631E-024   3.4214887200884799E-024
   460.00000000000000        2.4256441112709596E-024   2.4233942643170580E-024
   461.00000000000000        1.6968968146494662E-024   1.6956322308440990E-024
   462.00000000000000        1.1729277326394095E-024   1.1722247088878639E-024
   463.00000000000000        8.0120445051634083E-025   8.0081782815235724E-025
   464.00000000000000        5.4092898632493227E-025   5.4071862562242953E-025
   465.00000000000000        3.6101901179356639E-025   3.6090575396490047E-025
   466.00000000000000        2.3822120507086916E-025   2.3816085713952301E-025
   467.00000000000000        1.5543839893983014E-025   1.5540657082651306E-025
   468.00000000000000        1.0030674936244308E-025   1.0029013143609324E-025
   469.00000000000000        6.4026779855280548E-026   6.4018189274415970E-026
   470.00000000000000        4.0431312080510019E-026   4.0426914542454559E-026
   471.00000000000000        2.5261722799922760E-026   2.5259493343739474E-026
   472.00000000000000        1.5619264934632605E-026   1.5618145366068718E-026
   473.00000000000000        9.5581425896071441E-027   9.5575856292163876E-027
   474.00000000000000        5.7898023974741462E-027   5.7895278746144719E-027
   475.00000000000000        3.4721028414008789E-027   3.4719687591402676E-027
   476.00000000000000        2.0616766063838252E-027   2.0616117040893452E-027
   477.00000000000000        1.2122924481752690E-027   1.2122613094157894E-027
   478.00000000000000        7.0601214362255078E-028   7.0599733376062949E-028
   479.00000000000000        4.0728004746156141E-028   4.0727306410230496E-028
   480.00000000000000        2.3275972282480532E-028   2.3275645772864133E-028
   481.00000000000000        1.3179929064025949E-028   1.3179777673167779E-028
   482.00000000000000        7.3954558543605400E-029   7.3953862352290904E-029
   483.00000000000000        4.1126223946538754E-029   4.1125906379544991E-029
   484.00000000000000        2.2668845638459755E-029   2.2668701933488678E-029
   485.00000000000000        1.2386557719600933E-029   1.2386493200378815E-029
   486.00000000000000        6.7102051681243051E-030   6.7101764247383324E-030
   487.00000000000000        3.6044376515304890E-030   3.6044249437957358E-030
   488.00000000000000        1.9200287107872631E-030   1.9200231347062365E-030
   489.00000000000000        1.0143730212661532E-030   1.0143705925911018E-030
   490.00000000000000        5.3156703573100418E-031   5.3156598561513946E-031
   491.00000000000000        2.7633681892317030E-031   2.7633636812726966E-031
   492.00000000000000        1.4252438336039719E-031   1.4252419120858306E-031
   493.00000000000000        7.2938697997135594E-032   7.2938616662210482E-032
   494.00000000000000        3.7041908799627815E-032   3.7041874607716003E-032
   495.00000000000000        1.8669930938620392E-032   1.8669916661897534E-032
   496.00000000000000        9.3401306418079418E-033   9.3401247202357184E-033
   497.00000000000000        4.6384231605920283E-033   4.6384207205750486E-033
   498.00000000000000        2.2868657132219647E-033   2.2868647142820144E-033
   499.00000000000000        1.1194609983902593E-033   1.1194605920222799E-033
   500.00000000000000        5.4415150692025255E-034   5.4415134264374817E-034
   501.00000000000000        2.6267410651362017E-034   2.6267404051284015E-034
   502.00000000000000        1.2593449057278793E-034   1.2593446421666154E-034
   503.00000000000000        5.9971513176209712E-035   5.9971502714234080E-035
   504.00000000000000        2.8370080502858673E-035   2.8370076374422062E-035
   505.00000000000000        1.3333163164953121E-035   1.3333161545243977E-035
   506.00000000000000        6.2259292207078518E-036   6.2259285888678606E-036
   507.00000000000000        2.8887788844194684E-036   2.8887786393243803E-036
   508.00000000000000        1.3319987740260695E-036   1.3319986794769106E-036
   509.00000000000000        6.1039717227364003E-037   6.1039713599808984E-037
   510.00000000000000        2.7802229796313483E-037   2.7802228411979524E-037
   511.00000000000000        1.2587629307383197E-037   1.2587628781880284E-037
   512.00000000000000        5.6655718372204352E-038   5.6655716387696329E-038
   513.00000000000000        2.5352270304343630E-038   2.5352269558736287E-038
   514.00000000000000        1.1279779303832792E-038   1.1279779025103638E-038
   515.00000000000000        4.9903598408225253E-039   4.9903597371403157E-039
   516.00000000000000        2.1955688075487759E-039   2.1955687691682946E-039
   517.00000000000000        9.6068748678860635E-040   9.6068747264906896E-040
   518.00000000000000        4.1809273751697984E-040   4.1809273233242030E-040
   519.00000000000000        1.8098959003940794E-040   1.8098958814717742E-040
   520.00000000000000        7.7939872612218580E-041   7.7939871924748880E-041
   521.00000000000000        3.3390668981051754E-041   3.3390668732403992E-041
   522.00000000000000        1.4232581160703206E-041   1.4232581071167426E-041
   523.00000000000000        6.0362706902716469E-042   6.0362706581702471E-042
   524.00000000000000        2.5474941220118280E-042   2.5474941105515358E-042
   525.00000000000000        1.0699159677845470E-042   1.0699159637103264E-042
   526.00000000000000        4.4720874784058864E-043   4.4720874639814213E-043
   527.00000000000000        1.8604877075598083E-043   1.8604877024736485E-043
   528.00000000000000        7.7042536582053960E-044   7.7042536403427614E-044
   529.00000000000000        3.1757957915310969E-044   3.1757957852822456E-044
   530.00000000000000        1.3032369487658101E-044   1.3032369465882205E-044
   531.00000000000000        5.3244314046503426E-045   5.3244313970906678E-045
   532.00000000000000        2.1658679261125100E-045   2.1658679234978507E-045
   533.00000000000000        8.7726148804293279E-046   8.7726148714190801E-046
   534.00000000000000        3.5382917201423304E-046   3.5382917170485537E-046
   535.00000000000000        1.4211975372705612E-046   1.4211975362120139E-046
   536.00000000000000        5.6851234863772911E-047   5.6851234827679919E-047
   537.00000000000000        2.2650514164490884E-047   2.2650514152226440E-047
   538.00000000000000        8.9886951293612788E-048   8.9886951252077735E-048
   539.00000000000000        3.5532276896552221E-048   3.5532276882532054E-048
   540.00000000000000        1.3992144130543392E-048   1.3992144125826246E-048
   541.00000000000000        5.4891748006660694E-049   5.4891747990839460E-049
   542.00000000000000        2.1454470375406753E-049   2.1454470370117095E-049
   543.00000000000000        8.3549248362162927E-050   8.3549248344530721E-050
   544.00000000000000        3.2419555553847952E-050   3.2419555547988422E-050
   545.00000000000000        1.2535358571444255E-050   1.2535358569502763E-050
   546.00000000000000        4.8301073860221619E-051   4.8301073853807114E-051
   547.00000000000000        1.8547780656337141E-051   1.8547780654224027E-051
   548.00000000000000        7.0985030663465757E-052   7.0985030656523799E-052
   549.00000000000000        2.7077307394110572E-052   2.7077307391836195E-052
   550.00000000000000        1.0295133450531475E-052   1.0295133449788341E-052
   551.00000000000000        3.9018442148289915E-053   3.9018442145867771E-053
   552.00000000000000        1.4741533378698615E-053   1.4741533377911470E-053
   553.00000000000000        5.5523041696073085E-054   5.5523041693520861E-054
   554.00000000000000        2.0848964110535960E-054   2.0848964109710494E-054
   555.00000000000000        7.8054665450822178E-055   7.8054665448158997E-055
   556.00000000000000        2.9136584654065968E-055   2.9136584653209019E-055
   557.00000000000000        1.0844905714497065E-055   1.0844905714221814E-055
   558.00000000000000        4.0251492023206553E-056   4.0251492022324905E-056
   559.00000000000000        1.4898024792322176E-056   1.4898024792040352E-056
   560.00000000000000        5.4990426970208845E-057   5.4990426969310035E-057
   561.00000000000000        2.0243150671816281E-057   2.0243150671530085E-057
   562.00000000000000        7.4322860278837297E-058   7.4322860277928631E-058
   563.00000000000000        2.7217011636244322E-058   2.7217011635956288E-058
   564.00000000000000        9.9415101193172017E-059   9.9415101192260400E-059
   565.00000000000000        3.6222474113253856E-059   3.6222474112966502E-059
   566.00000000000000        1.3165500996932875E-059   1.3165500996842218E-059
   567.00000000000000        4.7736399172041273E-060   4.7736399171756343E-060
   568.00000000000000        1.7267685641779038E-060   1.7267685641689636E-060
   569.00000000000000        6.2317470328422749E-061   6.2317470328142841E-061
   570.00000000000000        2.2438585030119734E-061   2.2438585030032129E-061
   571.00000000000000        8.0613843402741438E-062   8.0613843402467757E-062
   572.00000000000000        2.8898188091798659E-062   2.8898188091713549E-062
   573.00000000000000        1.0337047738763552E-062   1.0337047738737028E-062
   574.00000000000000        3.6898204390124353E-063   3.6898204390041775E-063
   575.00000000000000        1.3143602281210199E-063   1.3143602281184684E-063
   576.00000000000000        4.6724160321026592E-064   4.6724160320947281E-064
   577.00000000000000        1.6576917065942009E-064   1.6576917065917480E-064
   578.00000000000000        5.8697313374839863E-065   5.8697313374764449E-065
   579.00000000000000        2.0744439969688240E-065   2.0744439969664921E-065
   580.00000000000000        7.3176371166251634E-066   7.3176371166179621E-066
   581.00000000000000        2.5765710182116773E-066   2.5765710182094851E-066
   582.00000000000000        9.0559016046899318E-067   9.0559016046832111E-067
   583.00000000000000        3.1772811206385609E-067   3.1772811206364920E-067
   584.00000000000000        1.1128325160782392E-067   1.1128325160776088E-067
   585.00000000000000        3.8910772035477117E-068   3.8910772035457630E-068
   586.00000000000000        1.3582860363922248E-068   1.3582860363916293E-068
   587.00000000000000        4.7337929403648748E-069   4.7337929403630762E-069
   588.00000000000000        1.6471722452478813E-069   1.6471722452473321E-069
   589.00000000000000        5.7226269155521694E-070   5.7226269155505215E-070
   590.00000000000000        1.9851496603133234E-070   1.9851496603128138E-070
   591.00000000000000        6.8761769701744918E-071   6.8761769701729555E-071
   592.00000000000000        2.3783250051893996E-071   2.3783250051889431E-071
   593.00000000000000        8.2144775101765089E-072   8.2144775101751346E-072
   594.00000000000000        2.8332658436792053E-072   2.8332658436787483E-072
   595.00000000000000        9.7590429433750524E-073   9.7590429433737793E-073
   596.00000000000000        3.3570156966329964E-073   3.3570156966325848E-073
   597.00000000000000        1.1532920772975935E-073   1.1532920772974753E-073
   598.00000000000000        3.9571128081610635E-074   3.9571128081607030E-074
   599.00000000000000        1.3560758187155799E-074   1.3560758187154640E-074
   600.00000000000000        4.6416138191625972E-075   4.6416138191622948E-075
