22 146          # first data record, number of data records
Structure:	CH3C(O)CH=CH2
Name:	        methyl vinyl ketone, MVK
Author(Year):	JPL-2006(2006)
Temperature:	298K
Wavelength range:	250-395nm(rec)
Bibliography:

S.P. Sander, R.R. Friedl, D.M. Golden, M.J. Kurylo, G.K. Moortgat, H. Keller-Rudek, P.H. Wine, A.R. Ravishankara, C.E. Kolb, M.J. Molina, B.J. Finlayson-Pitts, R.E. Huie, V.L. Orkin, ÒChemical Kinetics and Photochemical Data for Use in Atmospheric Studies. Evaluation Number 15Ò, JPL Publication 06-2, Jet Propulsion Laboratory, Pasadena, 2006.
Comments:

JPL-2006 recommendation:

250-395 nm, data of

T. Gierczak, J.B. Burkholder, R.K. Talukdar, A. Mellouki, S.B. Barone, and A.R. Ravishankara, "Atmospheric fate of methyl vinyl ketone and methacrolein," J. Photochem. Photobiol. A: Chem. 110, 1-10 (1997).

------------------------------------------------
lambda     sigma (cm^2)
 (nm)		
------------------------------------------------
250    2.41e-21
251    2.41e-21
252    2.24e-21
253    2.41e-21
254    2.41e-21
255    2.58e-21
256    2.75e-21
257    2.75e-21
258    2.93e-21
259    3.10e-21
260    3.27e-21
261    3.61e-21
262    3.79e-21
263    3.96e-21
264    4.30e-21
265    4.65e-21
266    4.99e-21
267    5.34e-21
268    5.68e-21
269    6.20e-21
270    6.54e-21
271    7.06e-21
272    7.57e-21
273    8.09e-21
274    8.78e-21
275    9.29e-21
276    9.98e-21
277    1.08e-20
278    1.15e-20
279    1.24e-20
280    1.33e-20
281    1.41e-20
282    1.50e-20
283    1.60e-20
284    1.70e-20
285    1.81e-20
286    1.91e-20
287    2.03e-20
288    2.15e-20
289    2.29e-20
290    2.43e-20
291    2.55e-20
292    2.67e-20
293    2.81e-20
294    2.93e-20
295    3.08e-20
296    3.24e-20
297    3.39e-20
298    3.56e-20
299    3.70e-20
300    3.87e-20
301    4.04e-20
302    4.20e-20
303    4.35e-20
304    4.51e-20
305    4.66e-20
306    4.82e-20
307    4.96e-20
308    5.13e-20
309    5.30e-20
310    5.44e-20
311    5.58e-20
312    5.73e-20
313    5.87e-20
314    6.02e-20
315    6.14e-20
316    6.28e-20
317    6.42e-20
318    6.54e-20
319    6.63e-20
320    6.70e-20
321    6.76e-20
322    6.83e-20
323    6.85e-20
324    6.88e-20
325    6.95e-20
326    7.02e-20
327    7.09e-20
328    7.16e-20
329    7.23e-20
330    7.28e-20
331    7.30e-20
332    7.26e-20
333    7.18e-20
334    7.04e-20
335    6.94e-20
336    6.85e-20
337    6.70e-20
338    6.56e-20
339    6.47e-20
340    6.44e-20
341    6.42e-20
342    6.35e-20
343    6.35e-20
344    6.30e-20
345    6.23e-20
346    6.14e-20
347    6.08e-20
348    5.77e-20
349    5.47e-20
350    5.20e-20
351    4.94e-20
352    4.72e-20
353    4.53e-20
354    4.32e-20
355    4.15e-20
356    4.03e-20
357    3.94e-20
358    3.89e-20
359    3.89e-20
360    3.68e-20
361    3.60e-20
362    3.49e-20
363    3.36e-20
364    3.29e-20
365    3.03e-20
366    2.77e-20
367    2.50e-20
368    2.20e-20
369    2.01e-20
370    1.88e-20
371    1.74e-20
372    1.58e-20
373    1.48e-20
374    1.39e-20
375    1.31e-20
376    1.26e-20
377    1.24e-20
378    1.20e-20
379    1.20e-20
380    1.05e-20
381    9.81e-21
382    9.12e-21
383    8.78e-21
384    9.29e-21
385    7.57e-21
386    6.37e-21
387    5.34e-21
388    4.47e-21
389    3.96e-21
390    3.44e-21
391    3.10e-21
392    2.93e-21
393    2.75e-21
394    2.41e-21
395    2.07e-21
