   2   0   0 227   0
   9   0   0   2
   0   0   0   0
   0   0   0   0
   2 165 375 227
   0   0   0   0
 186 187
   1   2   3   4   5   6   7   8   9  10  11  12  13  14  15  16  17  18  19  20
  21  22  23  24  25  26  27  28  29  30  31  32  33  34  35  36  37  38  39  40
  41  42  43  44  45  46  47  48  49  50  51  52  53  54  55  56  57  58  59  60
  61  62  63  64  65  66  67  68  69  70  71  72  73  74  75  76  77  78  79  80
  81  82  83  84  85  86  87  88  89  90  91  92  93  94  95  96  97  98  99 100
 101 102 103 104 105 106 107 108 109 110 111 112 113 114 115 116 117 118 119 120
 121 122 123 124 125 126 127 128 129 130 131 132 133 134 135 136 137 138 139 140
 141 142 143 144 145 146 147 148 149 150 151 152 153 154 155 156 157 158 159 160
 161 162 163 164 165 166 167 168 169 170 171 172 173 174 175 176 177 178 179 180
 181 182 183 184 185 188 189 190 191 192 193 194 195 196 197 198 199 200 201 202
 203 204 205 206 207 208 209 210 211 212 213 214 215 216 217 218 219 220 221 222
 223 224 225 226 227 228 229
   133.14133999999999        104.14259999999999        28.010399999999997        12.010999999999999        12.010999999999999        204.34260000000000        78.110399999999998        160.12220000000002        126.10860000000000        98.098199999999991        84.072399999999988        98.098199999999991        98.098199999999991        112.12400000000000        72.143799999999999        56.103200000000001        79.903999999999996        115.35669999999999        95.903399999999991        141.90894000000000        99.716849999999994        106.12080000000000        124.13499999999999        26.036799999999999        28.051600000000001        46.065799999999996        62.065199999999997        30.066399999999998        42.077400000000004        76.091000000000008        44.092200000000005        110.10920000000000        153.82180000000000        165.36450639999998        148.91020960000000        137.36750320000002        187.37530959999998        170.92101279999997        154.46671599999999        120.91320639999999        173.83380000000000        30.025199999999998        94.937199999999990        133.40230000000000        44.051000000000002        50.485900000000001        41.050939999999997        58.076799999999992        72.061399999999992        60.050399999999996        76.049799999999991        32.039999999999999        48.039400000000001        16.040599999999998        252.73039999999997        35.452700000000000        70.905400000000000        102.90420000000000        51.452100000000002        97.457639999999998        100.91685000000000        28.010399999999997        44.009799999999998        66.007206400000001        82.461503199999996        108.13560000000000        62.132400000000004        135.06403900000001        135.06403900000001        135.06403900000001        28.010399999999997        78.064599999999999        18.998403199999998        60.050399999999996        58.035599999999995        1.0074000000000001        2.0148000000000001        259.82361279999998        34.013599999999997        98.078400000000002        80.911400000000000        116.94800319999999        100.49370639999998        86.467906399999990        36.460099999999997        27.025140000000000        46.024600000000000        20.005803199999999        63.012339999999995        79.011740000000003        96.910799999999995        52.459499999999998        135.11493999999999        116.11239999999997        74.076199999999986        100.11299999999997        118.12719999999999        68.114199999999997        147.12594000000001        147.12594000000001        162.11793999999998        163.12533999999999        118.12719999999997        184.35020000000000        70.087800000000001        120.10079999999998        72.102599999999995        104.10140000000000        147.08473999999998        136.22839999999999        70.087800000000001        14.006740000000001        44.012880000000003        108.01048000000000        147.12594000000001        145.11113999999998        58.442468000000005        58.442468000000005        58.442468000000005        17.028940000000002        18.036340000000003        28.010399999999997        28.010399999999997        30.006140000000002        46.005539999999996        62.004939999999998        119.07433999999998        231.23953999999998        1.0074000000000001        1.0074000000000001        1.0074000000000001        1.0074000000000001        15.999400000000000        47.998199999999997        47.998199999999997        67.451499999999996        60.076400000000000        133.10014000000001        121.04793999999998        183.11774000000000        93.102400000000003        94.109800000000007        176.12160000000000        12.010999999999999        12.010999999999999        92.090400000000002        90.075599999999994        32.066000000000003        146.05641919999999        48.065400000000004        64.064800000000005        80.064200000000000        115.10734000000002        115.10734000000002        115.10734000000002        250.44499999999999        250.44499999999999        250.44499999999999        250.44499999999999        250.44499999999999        250.44499999999999        250.44499999999999        250.44499999999999        250.44499999999999        250.44499999999999        250.44499999999999        250.44499999999999        250.44499999999999        250.44499999999999        250.44499999999999        28.010399999999997        310.58239999999995        140.13440000000000        200.22600000000000        215.24014000000000        186.24140000000000        168.22719999999998        154.20139999999998        174.14800000000000        92.136200000000002        150.12599999999998        106.16199999999999        188.17380000000000        122.16139999999999        204.17320000000001        14.006740000000001        14.006740000000001        137.11220000000000        103.13520000000000        253.34819999999999        159.11480000000000        159.11480000000000        123.12760000000000        61.057800000000000        75.083600000000004        109.10180000000000        75.042399999999986        47.031999999999996        129.08959999999999        105.10880000000000        61.057800000000000        77.057199999999995        33.006200000000000        63.031399999999991        117.11980000000000        117.11980000000000        117.11980000000000        233.35579999999999        119.09339999999997        115.06380000000000        101.07919999999997        117.07859999999999        103.09399999999999        185.23399999999998        230.23213999999999        15.999400000000000        17.006799999999998        175.11419999999998        91.082999999999998        89.068199999999990        199.21859999999998        185.23399999999998        173.14060000000001        173.14060000000001        149.11859999999996        187.16640000000001        187.16640000000001        203.16579999999999        18.014199999999999     
ALKNIT          ALKOOH          AOA_NH          bc_a1           bc_a4           BCARY           BENZENE         BENZOOH         BEPOMUC         BIGALD          
BIGALD1         BIGALD2         BIGALD3         BIGALD4         BIGALK          BIGENE          BR              BRCL            BRO             BRONO2          
BRY             BZALD           BZOOH           C2H2            C2H4            C2H5OH          C2H5OOH         C2H6            C3H6            C3H7OOH         
C3H8            C6H5OOH         CCL4            CF2CLBR         CF3BR           CFC11           CFC113          CFC114          CFC115          CFC12           
CH2BR2          CH2O            CH3BR           CH3CCL3         CH3CHO          CH3CL           CH3CN           CH3COCH3        CH3COCHO        CH3COOH         
CH3COOOH        CH3OH           CH3OOH          CH4             CHBR3           CL              CL2             CL2O2           CLO             CLONO2          
CLY             CO              CO2             COF2            COFCL           CRESOL          DMS             dst_a1          dst_a2          dst_a3          
E90             EOOH            F               GLYALD          GLYOXAL         H               H2              H2402           H2O2            H2SO4           
HBR             HCFC141B        HCFC142B        HCFC22          HCL             HCN             HCOOH           HF              HNO3            HO2NO2          
HOBR            HOCL            HONITR          HPALD           HYAC            HYDRALD         IEPOX           ISOP            ISOPNITA        ISOPNITB        
ISOPNO3         ISOPNOOH        ISOPOOH         IVOC            MACR            MACROOH         MEK             MEKOOH          MPAN            MTERP           
MVK             N               N2O             N2O5            NC4CH2OH        NC4CHO          ncl_a1          ncl_a2          ncl_a3          NH3             
NH4             NH_5            NH_50           NO              NO2             NO3             NOA             NTERPOOH        num_a1          num_a2          
num_a3          num_a4          O               O3              O3S             OCLO            OCS             ONITR           PAN             PBZNIT          
PHENO           PHENOL          PHENOOH         pom_a1          pom_a4          POOH            ROOH            S               SF6             SO              
SO2             SO3             so4_a1          so4_a2          so4_a3          soa1_a1         soa1_a2         soa2_a1         soa2_a2         soa3_a1         
soa3_a2         soa4_a1         soa4_a2         soa5_a1         soa5_a2         SOAG0           SOAG1           SOAG2           SOAG3           SOAG4           
ST80_25         SVOC            TEPOMUC         TERP2OOH        TERPNIT         TERPOOH         TERPROD1        TERPROD2        TOLOOH          TOLUENE         
XOOH            XYLENES         XYLENOOH        XYLOL           XYLOLOOH        NHDEP           NDEP            ACBZO2          ALKO2           BCARYO2VBS      
BENZO2          BENZO2VBS       BZOO            C2H5O2          C3H7O2          C6H5O2          CH3CO3          CH3O2           DICARBO2        ENEO2           
EO              EO2             HO2             HOCH2OO         ISOPAO2         ISOPBO2         ISOPO2VBS       IVOCO2VBS       MACRO2          MALO2           
MCO3            MDIALO2         MEKO2           MTERPO2VBS      NTERPO2         O1D             OH              PHENO2          PO2             RO2             
TERP2O2         TERPO2          TOLO2           TOLUO2VBS       XO2             XYLENO2         XYLEO2VBS       XYLOLO2         H2O             
 154 151   1   2   3 185  71 121  72 114 127  96 145 105  86 110 209  87 225 139
   4  90 108  98 140  92 109  99 186 120  57  93  54  66  67  58  68  59  69  60
 129 213 146  61 190 112  55 180 200 156 148 166 115 210 125 220  70  52 219 177
   5 192 168  85  83  77 100   6   7   8   9  62 175 191 184 212 208  56 147  63
 169  82  89 101 223  74 181  97 211 118 165 171 196  84 195 104  64 173 144 141
 198 117 157  48 199 102 134 103 143 182 205 132  75  95 113 189  10  11  12  53
  13  14  15 217 224 216 174 116  16  17  18  19 226 222  20 106 111  88 137  65
 128  73 107  21  22 138 119 135  23 201 172  91  24  25  26  27  28  29  30  31
  32  33  34  35  36  37  38  39  40  41  42  43  78 152 149 130 183 188 153  76
  79  80 158  81 122 136 178  44 131  45 123 170 167 150 207 221 163 142  94 159
 218 124 202 203  46  47 204 160 206 176 155  49 187 214 215 126 164 194 193 179
 161  50 197 162  51 133 227
   1   2   3   4   5   6   7   8   9  10  11  12  13  14  15  16  17  18  19  20
  21  22  23  24  25  26  27  28  29  30  31  32  33  34  35  36  37  38  39  40
  41  42  48  54  60  66  72  74  80  86  92  93  96  99 102 105 109 113 117 121
 125 129 132 135 138 141 146 151 156 161 164 170 174 179 183 187 194 199 203 208
 216 221 226 230 235 238 241 244 248 253 257 261 265 269 273 279 282 285 291 297
 304 310 315 320 323 328 333 339 344 349 357 365 373 379 385 391 397 403 409 415
 421 427 435 441 447 454 460 463 467 474 483 491 499 506 511 518 524 532 540 548
 556 564 572 581 590 594 603 610 617 625 632 642 655 666 677 684 690 701 714 721
 732 748 759 768 778 786 791 801 804 815 824 832 841 857 864 873 884 899 912 922
 929 948 969 979 999102410451059107310851096110311151129114011531173119312091221
12321256128813111332135413861401141514301447146314851526169117491842195019772017
2070213221562201222622582285
