11 39         # first data record, number of data records
                Created by Douglas E. Kinnison, 2/19/2018
Reference:  JPL-2010.
           
CHCl3 + hv -> Products

------------------------------------------------
lambda     sigma (cm^2)  JPL-10
 (nm)		
------------------------------------------------
180    3.72e-18
182    3.17e-18
184    2.48e-18
186    1.86e-18
188    1.44e-18
190    1.13e-18
192    8.99e-19
194    7.61e-19
196    6.42e-19
198    5.30e-19
200    4.26e-19
202    3.44e-19
204    2.72e-19
206    2.07e-19
208    1.51e-19
210    1.07e-19
212    7.48e-20
214    5.24e-20
216    3.60e-20
218    2.48e-20
220    1.69e-20
222    1.13e-20
224    7.50e-21
226    5.03e-21
228    3.42e-21
230    2.34e-21
232    1.58e-21
234    1.07e-21
236    7.30e-22
238    5.03e-22
240    3.47e-22
242    2.23e-22
244    1.51e-22
246    1.023e-22
248    6.94e-23
250    4.70e-23
252    3.19e-23
254    2.16e-23
256    1.47e-23
