11 41         # first data record, number of data records
                Created by Douglas E. Kinnison, 2/19/2018
Reference:  JPL-2010.
           
CH2Cl2 + hv -> Products

------------------------------------------------
lambda     sigma (cm^2)  JPL-10
 (nm)		
------------------------------------------------
176    1.86e-18
178    1.82e-18
180    1.73e-18
182    1.56e-18
184    1.35e-18
186    1.10e-18
188    8.42e-19
190    6.10e-19
192    4.39e-19
194    3.05e-19
196    2.06e-19
198    1.41e-19
200    9.48e-20
202    6.40e-20
204    4.41e-20
206    3.07e-20
208    2.13e-20
210    1.45e-20
212    9.78e-21
214    6.51e-21
216    4.35e-21
218    2.91e-21
220    1.90e-21
222    1.35e-21
224    9.18e-22
226    6.23e-22
228    4.22e-22
230    2.86e-22
232    1.94e-22
234    1.32e-22
236    8.92e-23
238    6.05e-23
240    4.10e-23
242    2.78e-23
244    1.88e-23
246    1.28e-23
248    8.66e-24
250    5.87e-24
252    3.98e-24
254    2.70e-24
256    1.83e-24
