10 107         # first data record, number of data records

Table 4-30, JPL06
?(?, T) = ?(298 K)  + ? (T - 298 K) with the temperature coefficients
------------------------------------------------

lambda     10^24 (cm^2 molec.-1 K-1)
 (nm)		
------------------------------------------------
250     0.203
251     0.177
252    -0.072
253     0.101
254     0.137
255     0.272
256     0.169
257     0.880
258     0.681
259     0.084
260     0.447
261     0.093
262     0.635
263    -0.813
264     0.580
265     1.004
266     0.431
267    -0.880
268    -0.120
269     1.116
270     0.748
271    -1.307
272     1.000
273     1.228
274     0.871
275    -2.733
276    -2.040
277     1.933
278     1.427
279    -2.547
280    -0.680
281     0.560
282     0.809
283     0.005
284    -8.720
285    -1.800
286     1.587
287     0.760
288    -4.707
289    -1.213
290     1.707
291    -1.160
292     1.155
293    -4.907
294   -10.213
295     3.827
296     2.120
297     1.387
298    -4.933
299     1.480
300     4.267
301    -2.573
302    -2.325
303    -3.600
304    -4.827
305     4.173
306     0.320
307     3.187
308     0.333
309    -3.867
310     2.360
311     0.075
312    -1.227
313    -1.439
314     0.720
315     2.587
316     4.760
317    -2.467
318     3.307
319     2.532
320     0.240
321    -2.187
322     0.149
323     0.389
324    -0.456
325     2.213
326    -5.640
327     5.440
328     5.067
329    -3.347
330    -2.173
331     3.907
332     1.792
333     0.429
334    -0.228
335    -0.005
336     0.325
337     0.329
338     1.600
339    -6.587
340     5.520
341     5.863
342     1.216
343    -2.987
344     0.187
345     2.765
346     0.541
347    -0.281
348    -0.664
349    -0.560
350    -0.728
351    -0.121
352     0.368
353    -5.320
354     0.600
355     2.456
356    -0.388
