7 39         # first data record, number of data records
Table 4F-25. Recommended Absorption Cross Sections of C2H4Cl2 at 296 K (the same as CHCl3)
------------------------------------------------
lambda     sigma (10^20 cm^2)
 (nm)		
------------------------------------------------
180  372
182  317
184  248
186  186
188  144
190  113
192  89.9
194  76.1
196  64.2
198  53
200  42.6
202  34.4
204  27.2
206  20.7
208  15.1
210  10.7
212  7.48
214  5.24
216  3.6
218  2.48
220  1.69
222  1.13
224  0.75
226  0.503
228  0.342
230  0.234
232  0.158
234  0.107
236  0.073
238  0.0503
240  0.0347
242  0.0223
244  0.0151
246  0.01023
248  0.00694
250  0.0047
252  0.00319
254  0.00216
256  0.00147
