5 431          # first data record, number of data records
# XS_nm_spectr_hgbri_cas1210_vtzp_d10.txt
# without temperature correction
# E[nm] sigma(E)[cm2/molecule]
   170.00000000000000        3.9600836609459727E-017   3.7982967002132192E-018
   171.00000000000000        2.8967175749994008E-017   3.0389002496982310E-018
   172.00000000000000        1.8381412821471469E-017   2.3563385864964609E-018
   173.00000000000000        1.4891664787390174E-017   2.2705954475688499E-018
   174.00000000000000        1.7000931206008439E-017   2.5124702556884565E-018
   175.00000000000000        1.9711364320951147E-017   2.8396796995231721E-018
   176.00000000000000        1.9319605600769948E-017   2.6675840593631957E-018
   177.00000000000000        1.6946635680038587E-017   2.1059563465785077E-018
   178.00000000000000        1.5712391094885237E-017   1.8224961067779200E-018
   179.00000000000000        1.5792175555435197E-017   1.9077003233399783E-018
   180.00000000000000        1.4718008264302380E-017   1.8388542869085764E-018
   181.00000000000000        1.1857842336028135E-017   1.3533351101083391E-018
   182.00000000000000        9.5086957562086599E-018   8.9328962763978431E-019
   183.00000000000000        8.5305217055267839E-018   8.3534101390139307E-019
   184.00000000000000        7.2692727793101509E-018   9.3440462070474546E-019
   185.00000000000000        4.9452298302816943E-018   7.7058825772740922E-019
   186.00000000000000        2.6087313177008013E-018   4.4892881661885807E-019
   187.00000000000000        1.1429397233787701E-018   2.2091278469487602E-019
   188.00000000000000        4.9450684622807098E-019   1.1383665110029701E-019
   189.00000000000000        2.7801667644841229E-019   1.0883031274177521E-019
   190.00000000000000        1.9938347435868756E-019   1.0372033949082678E-019
   191.00000000000000        1.5128029507119720E-019   6.3969983940751630E-020
   192.00000000000000        1.3711107659634059E-019   2.5568874842086500E-020
   193.00000000000000        1.5585607916762807E-019   1.1991849178163785E-020
   194.00000000000000        2.0434044398130823E-019   1.5163380837724443E-020
   195.00000000000000        3.6932386251851148E-019   2.8806623853954325E-020
   196.00000000000000        8.1450304649147899E-019   6.2447212999900658E-020
   197.00000000000000        1.5358013166366960E-018   1.0405898174802084E-019
   198.00000000000000        2.2651973702735022E-018   1.4539281658580099E-019
   199.00000000000000        3.0963945782297740E-018   2.6568138681192677E-019
   200.00000000000000        5.1903878508326484E-018   6.3551807630945249E-019
   201.00000000000000        9.8846272825092105E-018   1.3258338718702309E-018
   202.00000000000000        1.6463666198460752E-017   2.0709821610222143E-018
   203.00000000000000        2.2021896556874182E-017   2.4040302844525108E-018
   204.00000000000000        2.4662336421949292E-017   2.2664039008050018E-018
   205.00000000000000        2.5201073004160206E-017   2.2807635009186319E-018
   206.00000000000000        2.4688600471438203E-017   2.6787361053215463E-018
   207.00000000000000        2.2486699091757424E-017   2.8842780239865832E-018
   208.00000000000000        1.7927838881963078E-017   2.5537127505813016E-018
   209.00000000000000        1.2092965897401469E-017   1.8637416232502817E-018
   210.00000000000000        6.9363329415145596E-018   1.1798701986926996E-018
   211.00000000000000        3.5753068456245595E-018   6.8664953957969940E-019
   212.00000000000000        1.9089788913969994E-018   4.3617579116422799E-019
   213.00000000000000        1.2605604275771022E-018   3.7070288117139904E-019
   214.00000000000000        9.9982727337283587E-019   3.0504908931023678E-019
   215.00000000000000        7.9342836888030875E-019   1.9727928043195459E-019
   216.00000000000000        5.6943849196922517E-019   9.9050042095201874E-020
   217.00000000000000        3.7607849109136256E-019   4.5672600552912714E-020
   218.00000000000000        2.7515446037970270E-019   5.3285099254821843E-020
   219.00000000000000        2.9602859442378419E-019   1.0441605009176468E-019
   220.00000000000000        4.1746926359561126E-019   1.7058597301534245E-019
   221.00000000000000        5.7184287237394250E-019   2.2534911368820384E-019
   222.00000000000000        6.8682413644071667E-019   2.4691439616790673E-019
   223.00000000000000        7.4175254236080799E-019   2.3435287879011354E-019
   224.00000000000000        7.7979607801685084E-019   2.1475185672476474E-019
   225.00000000000000        8.6131111330658996E-019   2.2194246970106323E-019
   226.00000000000000        1.0173457700401810E-018   2.4601573240512359E-019
   227.00000000000000        1.2490342545037426E-018   2.6350587654296480E-019
   228.00000000000000        1.5440670166669233E-018   2.8319726906594254E-019
   229.00000000000000        1.8757486537917516E-018   3.1275094208977764E-019
   230.00000000000000        2.2054043651737169E-018   3.3721915076605605E-019
   231.00000000000000        2.5067893132318425E-018   3.5088396463115376E-019
   232.00000000000000        2.7827458751964487E-018   3.6687599966339243E-019
   233.00000000000000        3.0507988262476041E-018   3.9260744852309823E-019
   234.00000000000000        3.3216319083785855E-018   4.1793033548477388E-019
   235.00000000000000        3.5958301481701004E-018   4.3024771431299203E-019
   236.00000000000000        3.8667065329722406E-018   4.3215921389481927E-019
   237.00000000000000        4.1147576817212699E-018   4.3834396249737798E-019
   238.00000000000000        4.3125153579188988E-018   4.4844213868728897E-019
   239.00000000000000        4.4544715842159912E-018   4.4914705364529607E-019
   240.00000000000000        4.5792327018726424E-018   4.4590508289622501E-019
   241.00000000000000        4.7443701617587559E-018   4.5770464090963950E-019
   242.00000000000000        4.9731868089089220E-018   4.8535014359036843E-019
   243.00000000000000        5.2302812579222328E-018   5.1500053038055235E-019
   244.00000000000000        5.4468042660888736E-018   5.3803478169605391E-019
   245.00000000000000        5.5649313588593491E-018   5.5013199673137606E-019
   246.00000000000000        5.5661644235620908E-018   5.4845780865099761E-019
   247.00000000000000        5.4739832793622884E-018   5.3333718130243326E-019
   248.00000000000000        5.3380843750895471E-018   5.0653003834432394E-019
   249.00000000000000        5.2089896937209919E-018   4.7315107777732240E-019
   250.00000000000000        5.1123972227545655E-018   4.4586489683856672E-019
   251.00000000000000        5.0362967851116523E-018   4.3707556129114506E-019
   252.00000000000000        4.9413442406694322E-018   4.4241077986462845E-019
   253.00000000000000        4.7899114556891861E-018   4.4360056403797313E-019
   254.00000000000000        4.5722453158489292E-018   4.2942284397028933E-019
   255.00000000000000        4.3089158446885852E-018   4.0342585235631422E-019
   256.00000000000000        4.0302644831753645E-018   3.7421310907874602E-019
   257.00000000000000        3.7541846512530687E-018   3.4548724315557149E-019
   258.00000000000000        3.4818190570383615E-018   3.1589028526404025E-019
   259.00000000000000        3.2108596477118831E-018   2.8428393444054650E-019
   260.00000000000000        2.9504717009137793E-018   2.5382368324405284E-019
   261.00000000000000        2.7238978272171098E-018   2.3142156573557429E-019
   262.00000000000000        2.5577779391549311E-018   2.2222242817230892E-019
   263.00000000000000        2.4670302351282824E-018   2.2527802525054786E-019
   264.00000000000000        2.4449910117879915E-018   2.3562491267591899E-019
   265.00000000000000        2.4640440904538361E-018   2.4724106025070310E-019
   266.00000000000000        2.4866954092683478E-018   2.5363402309632212E-019
   267.00000000000000        2.4821449008806927E-018   2.4967841293326503E-019
   268.00000000000000        2.4398415982214966E-018   2.3553179337747850E-019
   269.00000000000000        2.3722186809808604E-018   2.1927143020748470E-019
   270.00000000000000        2.3051866604973557E-018   2.1286694906121747E-019
   271.00000000000000        2.2630589834321887E-018   2.2002202473641043E-019
   272.00000000000000        2.2576914965141803E-018   2.3151847128354502E-019
   273.00000000000000        2.2871455962055237E-018   2.3660733314269434E-019
   274.00000000000000        2.3415199102968732E-018   2.3275419826683143E-019
   275.00000000000000        2.4094974872949558E-018   2.2624334973401415E-019
   276.00000000000000        2.4811465040408416E-018   2.2645318180229037E-019
   277.00000000000000        2.5473538557993497E-018   2.3698010129667797E-019
   278.00000000000000        2.5991135806235465E-018   2.5239523661328019E-019
   279.00000000000000        2.6288718465193580E-018   2.6448761489904969E-019
   280.00000000000000        2.6331462040067276E-018   2.6909272752640856E-019
   281.00000000000000        2.6137943920571474E-018   2.6827230386391562E-019
   282.00000000000000        2.5761402781415521E-018   2.6852722864111114E-019
   283.00000000000000        2.5247559518038198E-018   2.7565993620306714E-019
   284.00000000000000        2.4597560893997380E-018   2.8923779576403071E-019
   285.00000000000000        2.3762319489615302E-018   3.0269492662268365E-019
   286.00000000000000        2.2671349386818887E-018   3.0899008793352543E-019
   287.00000000000000        2.1274751601579798E-018   3.0552940075913774E-019
   288.00000000000000        1.9571166673688251E-018   2.9490558984553351E-019
   289.00000000000000        1.7609670150017451E-018   2.8176533346521130E-019
   290.00000000000000        1.5473835859437665E-018   2.6833253726264260E-019
   291.00000000000000        1.3263995432263551E-018   2.5266401863178685E-019
   292.00000000000000        1.1086169911688790E-018   2.3121829158711250E-019
   293.00000000000000        9.0446746499539276E-019   2.0249952474264000E-019
   294.00000000000000        7.2318893012135114E-019   1.6844722844533040E-019
   295.00000000000000        5.7142788200052497E-019   1.3343517894982995E-019
   296.00000000000000        4.5205855445990374E-019   1.0230498625665103E-019
   297.00000000000000        3.6390581493271366E-019   7.8557860409787882E-020
   298.00000000000000        3.0255762063545801E-019   6.3134599371380151E-020
   299.00000000000000        2.6186492717385245E-019   5.4270168454932852E-020
   300.00000000000000        2.3549248330236054E-019   4.9046792289884345E-020
   301.00000000000000        2.1804721827064203E-019   4.5326529011219003E-020
   302.00000000000000        2.0563023115849160E-019   4.2257797360840454E-020
   303.00000000000000        1.9589521364794306E-019   3.9795112454865473E-020
   304.00000000000000        1.8777858370873292E-019   3.8162779871818120E-020
   305.00000000000000        1.8105542148698693E-019   3.7508610176999903E-020
   306.00000000000000        1.7584948787831017E-019   3.7729983602917253E-020
   307.00000000000000        1.7221274106205598E-019   3.8461710751005085E-020
   308.00000000000000        1.6987205564324455E-019   3.9189750452541264E-020
   309.00000000000000        1.6819585924870550E-019   3.9403569717377655E-020
   310.00000000000000        1.6636254384605394E-019   3.8715054017883176E-020
   311.00000000000000        1.6364145127424365E-019   3.6925204496980012E-020
   312.00000000000000        1.5965832149765493E-019   3.4049627679225949E-020
   313.00000000000000        1.5452983173552096E-019   3.0315740226661975E-020
   314.00000000000000        1.4881186920721159E-019   2.6138451238126268E-020
   315.00000000000000        1.4328666015208494E-019   2.2074994438815311E-020
   316.00000000000000        1.3867850051597681E-019   1.8740878221874374E-020
   317.00000000000000        1.3540897752963510E-019   1.6627427693695654E-020
   318.00000000000000        1.3347498355702367E-019   1.5819811045814926E-020
   319.00000000000000        1.3247478247894690E-019   1.5916568083864653E-020
   320.00000000000000        1.3174904168699805E-019   1.6356435521352310E-020
   321.00000000000000        1.3057034382553566E-019   1.6750678624095120E-020
   322.00000000000000        1.2831489065918771E-019   1.6947790636063799E-020
   323.00000000000000        1.2457504629663998E-019   1.6950244726748527E-020
   324.00000000000000        1.1920309124877518E-019   1.6809358718978524E-020
   325.00000000000000        1.1229930962323439E-019   1.6550787999125763E-020
   326.00000000000000        1.0416511234940231E-019   1.6155011854501074E-020
   327.00000000000000        9.5238020331106618E-020   1.5588709800085303E-020
   328.00000000000000        8.6018381357816388E-020   1.4853516605651929E-020
   329.00000000000000        7.6994275897977562E-020   1.4014501077107290E-020
   330.00000000000000        6.8572418702536656E-020   1.3189185205875626E-020
   331.00000000000000        6.1025644418300885E-020   1.2500231896240879E-020
   332.00000000000000        5.4467438817377982E-020   1.2016113406531941E-020
   333.00000000000000        4.8859016598460413E-020   1.1718808706750543E-020
   334.00000000000000        4.4046200721451256E-020   1.1521695895722648E-020
   335.00000000000000        3.9815437486478295E-020   1.1317162503891501E-020
   336.00000000000000        3.5953957292917202E-020   1.1015440265802966E-020
   337.00000000000000        3.2299623760523973E-020   1.0559692408580230E-020
   338.00000000000000        2.8770490097232580E-020   9.9264916688916856E-021
   339.00000000000000        2.5370387783795884E-020   9.1240800826956753E-021
   340.00000000000000        2.2172897055183299E-020   8.1938473423517138E-021
   341.00000000000000        1.9290411589496101E-020   7.2152605073169915E-021
   342.00000000000000        1.6837176305610865E-020   6.3123052846968735E-021
   343.00000000000000        1.4895212065020680E-020   5.6511268639750856E-021
   344.00000000000000        1.3490329239668024E-020   5.3946067937858911E-021
   345.00000000000000        1.2582519883275427E-020   5.5946866643568259E-021
   346.00000000000000        1.2071553519878862E-020   6.1350447065278399E-021
   347.00000000000000        1.1815283949089608E-020   6.8161357511982712E-021
   348.00000000000000        1.1655661738532137E-020   7.4553605445810620E-021
   349.00000000000000        1.1446226060417313E-020   7.9198908891684048E-021
   350.00000000000000        1.1075116409407910E-020   8.1267817927985906E-021
   351.00000000000000        1.0479243564372507E-020   8.0389925191230111E-021
   352.00000000000000        9.6477112509436233E-021   7.6613599732868152E-021
   353.00000000000000        8.6152095513416954E-021   7.0341666248640565E-021
   354.00000000000000        7.4482280921846425E-021   6.2231326727177269E-021
   355.00000000000000        6.2280761072110915E-021   5.3068188369365307E-021
   356.00000000000000        5.0346904040010048E-021   4.3637240687743096E-021
   357.00000000000000        3.9342488088329141E-021   3.4615176299219713E-021
   358.00000000000000        2.9721165226540508E-021   2.6501108411156624E-021
   359.00000000000000        2.1711368704040564E-021   1.9591215541645140E-021
   360.00000000000000        1.5341376089806362E-021   1.3991909235280653E-021
   361.00000000000000        1.0489579802736448E-021   9.6590352593440713E-022
   362.00000000000000        6.9429430075875716E-022   6.4484801482604800E-022
   363.00000000000000        4.4504590877710423E-022   4.1655737686185549E-022
   364.00000000000000        2.7639567923817155E-022   2.6050338366467561E-022
   365.00000000000000        1.6638563004760016E-022   1.5779730203931257E-022
   366.00000000000000        9.7129994921783927E-023   9.2631506178364973E-023
   367.00000000000000        5.5009756905132460E-023   5.2724720579872660E-023
   368.00000000000000        3.0239248661824300E-023   2.9113037025609715E-023
   369.00000000000000        1.6141468680227272E-023   1.5602606865962699E-023
   370.00000000000000        8.3704948302420169E-024   8.1200612594565002E-024
   371.00000000000000        4.2188062534788999E-024   4.1056993052667629E-024
   372.00000000000000        2.0675287491423156E-024   2.0178594770407992E-024
   373.00000000000000        9.8566391024030450E-025   9.6444591267908161E-025
   374.00000000000000        4.5731108870503511E-025   4.4848940488996225E-025
   375.00000000000000        2.0658023360407936E-025   2.0300884119679646E-025
   376.00000000000000        9.0896409412308036E-026   8.9487875583834794E-026
   377.00000000000000        3.8973597808446006E-026   3.8432168865156888E-026
   378.00000000000000        1.6290820807663127E-026   1.6087885659007724E-026
   379.00000000000000        6.6411755986879774E-027   6.5669748596939227E-027
   380.00000000000000        2.6415279366793049E-027   2.6150499870094195E-027
   381.00000000000000        1.0255344587524012E-027   1.0163093343751383E-027
   382.00000000000000        3.8878049728907508E-028   3.8564103605406473E-028
   383.00000000000000        1.4397595933978408E-028   1.4293192915340176E-028
   384.00000000000000        5.2104672915249572E-029   5.1765264280541954E-029
   385.00000000000000        1.8434534517941407E-029   1.8326625333874758E-029
   386.00000000000000        6.3785482511805630E-030   6.3449829601382369E-030
   387.00000000000000        2.1592790447908156E-030   2.1490605533023205E-030
   388.00000000000000        7.1540796571478905E-031   7.1236208742835005E-031
   389.00000000000000        2.3206807990774403E-031   2.3117881750164180E-031
   390.00000000000000        7.3730977348579534E-032   7.3476588261558655E-032
   391.00000000000000        2.2951527079160402E-032   2.2880196615651427E-032
   392.00000000000000        7.0024826788079280E-033   6.9828710387907021E-033
   393.00000000000000        2.0946959940058329E-033   2.0894070763208154E-033
   394.00000000000000        6.1456230558880408E-034   6.1316277313343031E-034
   395.00000000000000        1.7690173219088358E-034   1.7653822816923339E-034
   396.00000000000000        4.9976133209201581E-035   4.9883431024889826E-035
   397.00000000000000        1.3861130277691680E-035   1.3837910005797281E-035
   398.00000000000000        3.7755394052359375E-036   3.7698248687086454E-036
   399.00000000000000        1.0102773243751186E-036   1.0088951314977947E-036
   400.00000000000000        2.6565516610153860E-037   2.6532649194567259E-037
   401.00000000000000        6.8666482236501508E-038   6.8589621434664792E-038
   402.00000000000000        1.7452233947207286E-038   1.7434552501386210E-038
   403.00000000000000        4.3628050267579302E-039   4.3588025103045967E-039
   404.00000000000000        1.0730403626924246E-039   1.0721485412715240E-039
   405.00000000000000        2.5973280227574285E-040   2.5953715354963679E-040
   406.00000000000000        6.1890097470566848E-041   6.1847825405987775E-041
   407.00000000000000        1.4521799430613105E-041   1.4512801798579342E-041
   408.00000000000000        3.3561708108445404E-042   3.3542835998634594E-042
   409.00000000000000        7.6420466437821845E-043   7.6381450019775116E-043
   410.00000000000000        1.7148778749512106E-043   1.7140825868697819E-043
   411.00000000000000        3.7934007583809366E-044   3.7918020645121973E-044
   412.00000000000000        8.2738698155472248E-045   8.2706996513898847E-045
   413.00000000000000        1.7798515562408533E-045   1.7792312817673286E-045
   414.00000000000000        3.7771399062850755E-046   3.7759421176741313E-046
   415.00000000000000        7.9095896466229972E-047   7.9073062714262015E-047
   416.00000000000000        1.6347908952670249E-047   1.6343610815499167E-047
   417.00000000000000        3.3357387859934414E-048   3.3349397017008639E-048
   418.00000000000000        6.7211880524756335E-049   6.7197204241460589E-049
   419.00000000000000        1.3375971105863780E-049   1.3373307616189828E-049
   420.00000000000000        2.6298405315724953E-050   2.6293627866161416E-050
   421.00000000000000        5.1092409048872186E-051   5.1083937777956362E-051
   422.00000000000000        9.8107633758931126E-052   9.8092781103427015E-052
   423.00000000000000        1.8623607308074162E-052   1.8621031835301795E-052
   424.00000000000000        3.4956914599353150E-053   3.4952496861604674E-053
   425.00000000000000        6.4893762776104166E-054   6.4886265139509105E-054
   426.00000000000000        1.1916927631136657E-054   1.1915668356937946E-054
   427.00000000000000        2.1652431383309193E-055   2.1650337867297022E-055
   428.00000000000000        3.8933035240307766E-056   3.8929589523518602E-056
   429.00000000000000        6.9292455920698770E-057   6.9286840062963112E-057
   430.00000000000000        1.2209428047445649E-057   1.2208521541934673E-057
   431.00000000000000        2.1302503860179970E-058   2.1301054334376549E-058
   432.00000000000000        3.6810776937990444E-059   3.6808480447486184E-059
   433.00000000000000        6.3010090319378562E-060   6.3006484803923390E-060
   434.00000000000000        1.0686034524199000E-060   1.0685473458589909E-060
   435.00000000000000        1.7958652937945752E-061   1.7957787408424852E-061
   436.00000000000000        2.9912990378952887E-062   2.9911666497038581E-062
   437.00000000000000        4.9391452981476358E-063   4.9389444851809694E-063
   438.00000000000000        8.0858471803401602E-064   8.0855450570167149E-064
   439.00000000000000        1.3126705396700379E-064   1.3126254475680745E-064
   440.00000000000000        2.1135671141927761E-065   2.1135003393236421E-065
   441.00000000000000        3.3758174819690749E-066   3.3757193538521565E-066
   442.00000000000000        5.3495335819412332E-067   5.3493904580371878E-067
   443.00000000000000        8.4119618619656157E-068   8.4117546386839534E-068
   444.00000000000000        1.3127813920475745E-068   1.3127516040773413E-068
   445.00000000000000        2.0336188654415467E-069   2.0335763460966550E-069
   446.00000000000000        3.1274906603185608E-070   3.1274303846838581E-070
   447.00000000000000        4.7757113204371334E-071   4.7756264469822393E-071
   448.00000000000000        7.2420411880420961E-072   7.2419224633267204E-072
   449.00000000000000        1.0907597764074119E-072   1.0907432753073178E-072
   450.00000000000000        1.6319460797458480E-073   1.6319232894714926E-073
   451.00000000000000        2.4257916155694904E-074   2.4257603322700626E-074
   452.00000000000000        3.5828916154378756E-075   3.5828489317021949E-075
   453.00000000000000        5.2590455720114304E-076   5.2589876746483327E-076
   454.00000000000000        7.6724306491715239E-077   7.6723525654747652E-077
   455.00000000000000        1.1126807861897350E-077   1.1126703143011393E-077
   456.00000000000000        1.6042709537639238E-078   1.6042569865525363E-078
   457.00000000000000        2.2999131880482035E-079   2.2998946582550534E-079
   458.00000000000000        3.2788986276171570E-080   3.2788741728858427E-080
   459.00000000000000        4.6492484970129419E-081   4.6492163869513252E-081
   460.00000000000000        6.5573796977492131E-082   6.5573377451429248E-082
   461.00000000000000        9.2007764725097715E-083   9.2007219257243686E-083
   462.00000000000000        1.2844528937833807E-083   1.2844458350977985E-083
   463.00000000000000        1.7842825619943733E-084   1.7842734696840400E-084
   464.00000000000000        2.4666768150203457E-085   2.4666651557624190E-085
   465.00000000000000        3.3940224208655465E-086   3.3940075353605687E-086
   466.00000000000000        4.6485864451958882E-087   4.6485675217052181E-087
   467.00000000000000        6.3384058437281130E-088   6.3383818867395165E-088
   468.00000000000000        8.6047955111064853E-089   8.6047653043523233E-089
   469.00000000000000        1.1631887143777173E-089   1.1631849206722873E-089
   470.00000000000000        1.5658708980420437E-090   1.5658661517220339E-090
   471.00000000000000        2.0994435911677104E-091   2.0994376751460570E-091
   472.00000000000000        2.8037585209261188E-092   2.8037511736457933E-092
   473.00000000000000        3.7300110776457263E-093   3.7300019849700471E-093
   474.00000000000000        4.9437565084214404E-094   4.9437452942164519E-094
   475.00000000000000        6.5286760939027786E-095   6.5286623091242805E-095
   476.00000000000000        8.5912684723990646E-096   8.5912515824716879E-096
   477.00000000000000        1.1266680059025009E-096   1.1266659429272873E-096
   478.00000000000000        1.4725935554219447E-097   1.4725910433075983E-097
   479.00000000000000        1.9184886572151167E-098   1.9184856071839165E-098
   480.00000000000000        2.4915265532523587E-099   2.4915228606855192E-099
   481.00000000000000        3.2258315672520493E-100   3.2258271091420753E-100
   482.00000000000000        4.1641569401681558E-101   4.1641515721983361E-101
   483.00000000000000        5.3599469934943335E-102   5.3599405466943386E-102
   484.00000000000000        6.8798679668887230E-103   6.8798602438079785E-103
   485.00000000000000        8.8069098528444931E-104   8.8069006231771322E-104
   486.00000000000000        1.1244183306564224E-104   1.1244172302150355E-104
   487.00000000000000        1.4319562039127467E-105   1.4319548948244752E-105
   488.00000000000000        1.8191352970714564E-106   1.8191337431562422E-106
   489.00000000000000        2.3055214998317641E-107   2.3055196591581863E-107
   490.00000000000000        2.9152593939433841E-108   2.9152572179804752E-108
   491.00000000000000        3.6780997775040565E-109   3.6780972101537968E-109
   492.00000000000000        4.6306504829143163E-110   4.6306474594081982E-110
   493.00000000000000        5.8178980537551392E-111   5.8178944993956934E-111
   494.00000000000000        7.2950579079444187E-112   7.2950537366697284E-112
   495.00000000000000        9.1298228148618398E-113   9.1298179276079843E-113
   496.00000000000000        1.1405094313100863E-113   1.1405088595933627E-113
   497.00000000000000        1.4222299654221000E-114   1.4222292976203456E-114
   498.00000000000000        1.7705418661097210E-115   1.7705410871855526E-115
   499.00000000000000        2.2005871372834782E-116   2.2005862299778041E-116
   500.00000000000000        2.7308449533263540E-117   2.7308438978408009E-117
   501.00000000000000        3.3838514114865457E-118   3.3838501851203877E-118
   502.00000000000000        4.1870728682714533E-119   4.1870714450065173E-119
   503.00000000000000        5.1739656363890150E-120   5.1739639864147457E-120
   504.00000000000000        6.3852618789406001E-121   6.3852599681102993E-121
   505.00000000000000        7.8705301429309953E-122   7.8705279321391407E-122
   506.00000000000000        9.6900694698547324E-123   9.6900669143232062E-123
   507.00000000000000        1.1917208830985500E-123   1.1917205879445045E-123
   508.00000000000000        1.4641099280420541E-124   1.4641095874171400E-124
   509.00000000000000        1.7970105341175417E-125   1.7970101413008530E-125
   510.00000000000000        2.2035925528831334E-126   2.2035921001788799E-126
   511.00000000000000        2.6998600547233647E-127   2.6998595333182956E-127
   512.00000000000000        3.3052602763303012E-128   3.3052596761296210E-128
   513.00000000000000        4.0434243567128587E-129   4.0434236661512221E-129
   514.00000000000000        4.9430687983979615E-130   4.9430680042216601E-130
   515.00000000000000        6.0390930696780474E-131   6.0390921566936571E-131
   516.00000000000000        7.3739167272487092E-132   7.3739156780328580E-132
   517.00000000000000        8.9991092349899664E-133   8.9991080295541868E-133
   518.00000000000000        1.0977377716517230E-133   1.0977376331919827E-133
   519.00000000000000        1.3384992743934898E-134   1.3384991153832361E-134
   520.00000000000000        1.6314750601123897E-135   1.6314748775250262E-135
   521.00000000000000        1.9879593098911768E-136   1.9879591002475714E-136
   522.00000000000000        2.4217033997950566E-137   2.4217031590934944E-137
   523.00000000000000        2.9494575706446609E-138   2.9494572942794633E-138
   524.00000000000000        3.5916342778564952E-139   3.5916339605234068E-139
   525.00000000000000        4.3731211864110170E-140   4.3731208219970231E-140
   526.00000000000000        5.3242783677274248E-141   5.3242779491823340E-141
   527.00000000000000        6.4821624427336095E-142   6.4821619619203222E-142
   528.00000000000000        7.8920305956833437E-143   7.8920300432029184E-143
   529.00000000000000        9.6091900548929666E-144   9.6091894198802123E-144
   530.00000000000000        1.1701274426242256E-144   1.1701273696126291E-144
   531.00000000000000        1.4251047961936500E-145   1.4251047122160818E-145
   532.00000000000000        1.7359863444626082E-146   1.7359862478319374E-146
   533.00000000000000        2.1151930119551191E-147   2.1151929007141837E-147
   534.00000000000000        2.5779586599191009E-148   2.5779585317953190E-148
   535.00000000000000        3.1429821898926044E-149   3.1429820422445833E-149
   536.00000000000000        3.8332348274953031E-150   3.8332346572499847E-150
   537.00000000000000        4.6769605543070588E-151   4.6769603578854788E-151
   538.00000000000000        5.7089172140298683E-152   5.7089169872596147E-152
   539.00000000000000        6.9719178537942415E-153   6.9719175918058705E-153
   540.00000000000000        8.5187470326975511E-154   8.5187467298019042E-154
   541.00000000000000        1.0414545978400410E-154   1.0414545627943342E-154
   542.00000000000000        1.2739784672152500E-155   1.2739784266342497E-155
   543.00000000000000        1.5593969563709969E-156   1.5593969093413143E-156
   544.00000000000000        1.9100274413978762E-157   1.9100273868485210E-157
   545.00000000000000        2.3411330980762944E-158   2.3411330348339554E-158
   546.00000000000000        2.8716478782808214E-159   2.8716477983428720E-159
   547.00000000000000        3.5250852699131561E-160   3.5250860788852035E-160
   548.00000000000000        4.3306788442465198E-161   4.3306870094387913E-161
   549.00000000000000        5.3248155115870193E-162   5.3199576378095466E-162
   550.00000000000000        6.5528389022226865E-163   6.4200024122225910E-163
   551.00000000000000        8.0713213852695588E-164   0.0000000000000000     
   552.00000000000000        9.9509302531269406E-165   0.0000000000000000     
   553.00000000000000        1.2280048242866639E-165   0.0000000000000000     
   554.00000000000000        1.5169353054896701E-166   0.0000000000000000     
   555.00000000000000        1.8757617742567881E-167   0.0000000000000000     
   556.00000000000000        2.3219067528707398E-168   0.0000000000000000     
   557.00000000000000        2.8772723634135608E-169   0.0000000000000000     
   558.00000000000000        3.5694287441823002E-170   0.0000000000000000     
   559.00000000000000        4.4331277081345356E-171   0.0000000000000000     
   560.00000000000000        5.5122334177411762E-172   0.0000000000000000     
   561.00000000000000        6.8621885315635209E-173   0.0000000000000000     
   562.00000000000000        8.5531689440611449E-174   0.0000000000000000     
   563.00000000000000        1.0674125349767025E-174   0.0000000000000000     
   564.00000000000000        1.3337968651959342E-175   0.0000000000000000     
   565.00000000000000        1.6688232970392072E-176   0.0000000000000000     
   566.00000000000000        2.0907650315824492E-177   0.0000000000000000     
   567.00000000000000        2.6229202341200842E-178   0.0000000000000000     
   568.00000000000000        3.2950386818888066E-179   0.0000000000000000     
   569.00000000000000        4.1451662723210741E-180   0.0000000000000000     
   570.00000000000000        5.2220335416244941E-181   0.0000000000000000     
   571.00000000000000        6.5881535598843707E-182   0.0000000000000000     
   572.00000000000000        8.3238463270402257E-183   0.0000000000000000     
   573.00000000000000        1.0532475216212507E-183   0.0000000000000000     
   574.00000000000000        1.3347271610664332E-184   0.0000000000000000     
   575.00000000000000        1.6940244044690342E-185   0.0000000000000000     
   576.00000000000000        2.1533827799534319E-186   0.0000000000000000     
   577.00000000000000        2.7416143346938688E-187   0.0000000000000000     
   578.00000000000000        3.4961015215320121E-188   0.0000000000000000     
   579.00000000000000        4.4654280972497036E-189   0.0000000000000000     
   580.00000000000000        5.7128425763828571E-190   0.0000000000000000     
   581.00000000000000        7.3208255452758631E-191   0.0000000000000000     
   582.00000000000000        9.3971230855091648E-192   0.0000000000000000     
   583.00000000000000        1.2082730827592625E-192   0.0000000000000000     
   584.00000000000000        1.5562477834004138E-193   0.0000000000000000     
   585.00000000000000        2.0079081691719328E-194   0.0000000000000000     
   586.00000000000000        2.5951846488305252E-195   0.0000000000000000     
   587.00000000000000        3.3601581935552649E-196   0.0000000000000000     
   588.00000000000000        4.3583873401112194E-197   0.0000000000000000     
   589.00000000000000        5.6633582000510193E-198   0.0000000000000000     
   590.00000000000000        7.3724474041032853E-199   0.0000000000000000     
   591.00000000000000        9.6149270337324329E-200   0.0000000000000000     
   592.00000000000000        1.2562730669082410E-200   0.0000000000000000     
   593.00000000000000        1.6444959853374368E-201   0.0000000000000000     
   594.00000000000000        2.1567467043582524E-202   0.0000000000000000     
   595.00000000000000        2.8339341260005004E-203   0.0000000000000000     
   596.00000000000000        3.7308797277949034E-204   0.0000000000000000     
   597.00000000000000        4.9211899504149077E-205   0.0000000000000000     
   598.00000000000000        6.5038836956052131E-206   0.0000000000000000     
   599.00000000000000        8.6124244823236186E-207   0.0000000000000000     
   600.00000000000000        1.1427053532355131E-207   0.0000000000000000     
