5 431          # first data record, number of data records
# XS_nm_spectr_s3_hgo_cas1612_vtzp_d05.txt
# without temperature correction
# E[nm] sigma(E)[cm2/molecule]
   170.00000000000000        4.0699851607160907E-017   5.3711555379220411E-018
   171.00000000000000        5.9683657230841298E-017   5.0432506155551067E-018
   172.00000000000000        6.7314800091171935E-017   6.1139438305797503E-018
   173.00000000000000        5.5588765977635044E-017   5.7692380796293608E-018
   174.00000000000000        9.7633836521746554E-017   1.0668644866364480E-017
   175.00000000000000        6.2895074322781533E-017   8.9503127573557909E-018
   176.00000000000000        1.8613185802249963E-017   2.8011025421375237E-018
   177.00000000000000        8.0125775031415902E-018   1.5191770084779889E-018
   178.00000000000000        8.2292165865822065E-018   3.9918862684184874E-018
   179.00000000000000        1.4400611514605183E-017   6.5859364559150241E-018
   180.00000000000000        9.0551552062401122E-018   4.2704530166263748E-018
   181.00000000000000        4.0307628919911837E-018   1.0638821443350534E-018
   182.00000000000000        5.6249301782901150E-018   7.3610081517350870E-019
   183.00000000000000        6.4101620745317594E-018   5.9137402751787373E-019
   184.00000000000000        7.7477908846393026E-018   4.4675024420493614E-019
   185.00000000000000        7.5859054760203020E-018   6.2180270033063222E-019
   186.00000000000000        3.2588039145880522E-018   2.1443447407938398E-019
   187.00000000000000        2.4640432131515847E-018   2.3745552217393489E-019
   188.00000000000000        6.6509249398968603E-019   1.0222493665997698E-019
   189.00000000000000        1.1470379468553938E-019   5.3026777760310840E-020
   190.00000000000000        8.2109082575393840E-020   4.7584098136452720E-020
   191.00000000000000        1.3077412503530126E-019   7.7036326797190591E-020
   192.00000000000000        8.2582615256923880E-020   4.6173706822997953E-020
   193.00000000000000        1.6809575080930153E-020   5.7593761700803979E-021
   194.00000000000000        5.4590065428424805E-020   2.5967568489132174E-020
   195.00000000000000        3.4822280301042956E-019   2.0783461344074670E-019
   196.00000000000000        7.4623059300188336E-019   3.4711037392227465E-019
   197.00000000000000        1.0202075650861827E-018   3.8367962769260751E-019
   198.00000000000000        1.5533637133681799E-018   4.7276609255954807E-019
   199.00000000000000        2.3883256049193799E-018   5.7460188177007098E-019
   200.00000000000000        3.4877482110990434E-018   7.7625421087073481E-019
   201.00000000000000        3.4397773192400434E-018   7.5928440396623510E-019
   202.00000000000000        3.2151399752214168E-018   7.1738340373943139E-019
   203.00000000000000        4.4106187068019829E-018   9.4130986584389981E-019
   204.00000000000000        5.7989941041225216E-018   1.0748344796188068E-018
   205.00000000000000        6.5186323987423855E-018   1.1871396316539931E-018
   206.00000000000000        6.1395612267763849E-018   1.1233452247078035E-018
   207.00000000000000        6.1820652910645628E-018   1.0935676590082802E-018
   208.00000000000000        7.2151699120897729E-018   1.2122190212910692E-018
   209.00000000000000        7.7811808523422868E-018   1.2325222244745661E-018
   210.00000000000000        6.4082086469525139E-018   1.1657845821688503E-018
   211.00000000000000        3.2110018873408099E-018   7.5844879645833168E-019
   212.00000000000000        1.0781459051862175E-018   3.8162686814190578E-019
   213.00000000000000        5.4151288431726884E-019   3.1763890143891614E-019
   214.00000000000000        3.7142608685301653E-019   2.2363707189045800E-019
   215.00000000000000        2.6609150698928550E-019   1.4270315436377476E-019
   216.00000000000000        1.6097162507848125E-019   8.8385532179811239E-020
   217.00000000000000        5.5864397371171897E-020   2.0788322419140084E-020
   218.00000000000000        1.6704517561858678E-020   6.7314053817226518E-021
   219.00000000000000        1.0712014502391873E-020   7.1214277013181718E-021
   220.00000000000000        9.9799998070332199E-021   7.2752128953397644E-021
   221.00000000000000        1.1121297902115973E-020   8.7775961091798518E-021
   222.00000000000000        1.1077686232379632E-020   1.0702263540401530E-020
   223.00000000000000        4.9902030222769732E-021   4.9703566441630792E-021
   224.00000000000000        8.6417056450295181E-022   8.6377483772641948E-022
   225.00000000000000        5.7648677132443425E-023   5.7645591210693539E-023
   226.00000000000000        1.5156385470571519E-024   1.5156278855205773E-024
   227.00000000000000        1.6888369620672096E-026   1.6332680292510359E-026
   228.00000000000000        1.7569945395345347E-025   1.3094738705554763E-025
   229.00000000000000        1.5066054855585948E-023   1.1002224726497538E-023
   230.00000000000000        5.1446766159121881E-022   3.6723116556070954E-022
   231.00000000000000        7.1984957484672571E-021   4.9894965869359830E-021
   232.00000000000000        4.2717652950470238E-020   2.8318114052274837E-020
   233.00000000000000        1.1271107085100952E-019   6.9508249169433949E-020
   234.00000000000000        1.4344204661125333E-019   7.9285163888567887E-020
   235.00000000000000        1.0661750882437619E-019   4.8942734911884150E-020
   236.00000000000000        7.3337707887733295E-020   2.0733095377085843E-020
   237.00000000000000        1.2175518165370507E-019   5.1741657618733406E-020
   238.00000000000000        5.5071757219765275E-019   3.2772319987747792E-019
   239.00000000000000        1.8673230959043170E-018   1.0103934084741598E-018
   240.00000000000000        4.2583709375334844E-018   1.6118923425917547E-018
   241.00000000000000        9.6294760121615270E-018   1.9139385332313280E-018
   242.00000000000000        2.1125644607111887E-017   3.1699259454665163E-018
   243.00000000000000        3.3760169067147629E-017   4.2003434670569917E-018
   244.00000000000000        3.8848849672030638E-017   4.1745421330670134E-018
   245.00000000000000        3.8419993617033672E-017   3.9165651748909624E-018
   246.00000000000000        3.9850832625143367E-017   4.0725989951906632E-018
   247.00000000000000        4.3008404240778213E-017   4.7071831694616411E-018
   248.00000000000000        4.1644149479743129E-017   4.7190456521160640E-018
   249.00000000000000        3.4318862114399703E-017   4.3499824553999314E-018
   250.00000000000000        2.4640476148390838E-017   3.7947608040733385E-018
   251.00000000000000        1.6267289615170042E-017   3.1867845750365322E-018
   252.00000000000000        1.0608242305846707E-017   2.8607248288200246E-018
   253.00000000000000        7.1568953972346006E-018   2.3394081760697358E-018
   254.00000000000000        7.1316792609488471E-018   1.8271335516220950E-018
   255.00000000000000        1.3523945228216823E-017   2.7356415689185345E-018
   256.00000000000000        2.5408705433308256E-017   4.4009643569101354E-018
   257.00000000000000        3.5789820782989155E-017   5.1900755627857394E-018
   258.00000000000000        3.9201076362420042E-017   5.1553021191490138E-018
   259.00000000000000        3.7034484447264023E-017   4.8710697365445836E-018
   260.00000000000000        3.4150659984894210E-017   4.5423067197039158E-018
   261.00000000000000        3.4071961254702914E-017   4.4551121023796978E-018
   262.00000000000000        3.6213197496342389E-017   4.7459413810496941E-018
   263.00000000000000        3.6642472187683411E-017   4.9326773612729690E-018
   264.00000000000000        3.2847203193569612E-017   4.6804013347094231E-018
   265.00000000000000        2.6903129946228973E-017   4.0632955572700310E-018
   266.00000000000000        2.2595756304589609E-017   3.7000783390069174E-018
   267.00000000000000        2.0504906835568213E-017   3.8268544795660403E-018
   268.00000000000000        1.8534850505301773E-017   3.6406584617272742E-018
   269.00000000000000        1.5813789295378651E-017   3.1930227621234297E-018
   270.00000000000000        1.2735646606744590E-017   2.7884035434182524E-018
   271.00000000000000        9.5697533545482964E-018   2.3790758598774081E-018
   272.00000000000000        6.7030802412422729E-018   1.9098853691592547E-018
   273.00000000000000        4.4390387776964357E-018   1.3976227673611890E-018
   274.00000000000000        2.7073780995541737E-018   8.5123226039147461E-019
   275.00000000000000        1.4768647089968693E-018   3.9094916720655373E-019
   276.00000000000000        7.6113326397576205E-019   1.3616560423628188E-019
   277.00000000000000        4.1147456653109144E-019   5.7475713947210906E-020
   278.00000000000000        2.6508621894287575E-019   7.1815478050050545E-020
   279.00000000000000        2.5940200140496337E-019   1.7008282515680470E-019
   280.00000000000000        3.3423678399568057E-019   2.9795272318450579E-019
   281.00000000000000        3.8022379774191414E-019   3.5059823172938206E-019
   282.00000000000000        3.5276945423972750E-019   2.8433866930583692E-019
   283.00000000000000        3.2788368936259032E-019   2.0859101380464876E-019
   284.00000000000000        3.6332731477494685E-019   2.3973605059323513E-019
   285.00000000000000        4.0507326174814423E-019   2.7450038538993009E-019
   286.00000000000000        3.8166284445660641E-019   2.5208459439613833E-019
   287.00000000000000        3.0318932148203765E-019   1.8710822462146597E-019
   288.00000000000000        2.2677196201249465E-019   1.2168602714590612E-019
   289.00000000000000        1.7814594324324898E-019   9.1514775833776766E-020
   290.00000000000000        1.4814547507558130E-019   7.4125828625789282E-020
   291.00000000000000        1.3075388991891456E-019   6.0499766047673124E-020
   292.00000000000000        1.2564053400298173E-019   5.9929274406265873E-020
   293.00000000000000        1.2743387946369699E-019   5.8269505571056478E-020
   294.00000000000000        1.3257956321080324E-019   5.4491303733716116E-020
   295.00000000000000        1.4187114322754690E-019   5.4375965275271990E-020
   296.00000000000000        1.5479710975664620E-019   5.5106931374626691E-020
   297.00000000000000        1.7079587280575846E-019   5.4936686632502394E-020
   298.00000000000000        1.9268078363682074E-019   5.4464594362934226E-020
   299.00000000000000        2.2081003179783706E-019   5.7668578474613816E-020
   300.00000000000000        2.4434932151581610E-019   6.2679928489998384E-020
   301.00000000000000        2.4733439378788938E-019   6.1916855622377178E-020
   302.00000000000000        2.2629589800370558E-019   5.4519946743909844E-020
   303.00000000000000        1.9636070001347265E-019   4.5005313983186909E-020
   304.00000000000000        1.7960007902968508E-019   3.8948504078250796E-020
   305.00000000000000        1.8904126109941495E-019   4.4447215717946400E-020
   306.00000000000000        2.1973438046247827E-019   6.2565981669849745E-020
   307.00000000000000        2.5274150993649882E-019   8.0713781389362778E-020
   308.00000000000000        2.7170461953376975E-019   8.4715208451742974E-020
   309.00000000000000        2.7790132887037599E-019   7.2860635764495684E-020
   310.00000000000000        2.8611643368685307E-019   6.1358633776778349E-020
   311.00000000000000        3.0551510114516720E-019   6.5785949377254345E-020
   312.00000000000000        3.2940988426844955E-019   7.5675755959918146E-020
   313.00000000000000        3.4406685234542300E-019   7.9159637239114435E-020
   314.00000000000000        3.4191109788412732E-019   7.6542995419852652E-020
   315.00000000000000        3.2586117469397749E-019   7.1239294904246234E-020
   316.00000000000000        3.0694789254696852E-019   6.4259507153550130E-020
   317.00000000000000        2.9811028534239714E-019   5.9151872759247738E-020
   318.00000000000000        3.0452918932844101E-019   6.0618366746532017E-020
   319.00000000000000        3.1963042809709847E-019   6.4294217004288466E-020
   320.00000000000000        3.3401243377304284E-019   6.3898394053358288E-020
   321.00000000000000        3.4667867039678477E-019   6.1412719127522551E-020
   322.00000000000000        3.6718120989587670E-019   6.3337529553160932E-020
   323.00000000000000        4.1602610686444976E-019   8.7920808025408133E-020
   324.00000000000000        5.2897172445589171E-019   1.9237452528189518E-019
   325.00000000000000        7.4531746997432848E-019   4.2351446404623804E-019
   326.00000000000000        1.0638853570850594E-018   7.6835908116536417E-019
   327.00000000000000        1.4071273632811401E-018   1.1225625841892475E-018
   328.00000000000000        1.6666575455229568E-018   1.3271438391584784E-018
   329.00000000000000        1.8174657617869808E-018   1.3069564976185176E-018
   330.00000000000000        1.9637347913880063E-018   1.2139105566190209E-018
   331.00000000000000        2.2258217796570257E-018   1.3343585488996469E-018
   332.00000000000000        2.5832820212090446E-018   1.6372375264071190E-018
   333.00000000000000        2.8692052922404249E-018   1.8652288172745057E-018
   334.00000000000000        2.9405729156308005E-018   1.8780229467248025E-018
   335.00000000000000        2.8449578111614754E-018   1.6849417482403915E-018
   336.00000000000000        2.7992127765848583E-018   1.4771225156197795E-018
   337.00000000000000        2.9823274354514179E-018   1.5873834988270569E-018
   338.00000000000000        3.3432152940131822E-018   1.9835398745499058E-018
   339.00000000000000        3.6366922772210734E-018   2.2763780311081058E-018
   340.00000000000000        3.6732602097987894E-018   2.2307000768889875E-018
   341.00000000000000        3.5205861378106886E-018   1.9149240718693642E-018
   342.00000000000000        3.4334239193394740E-018   1.6897539484536240E-018
   343.00000000000000        3.5960344075369239E-018   1.8668650032215048E-018
   344.00000000000000        3.9673244632315530E-018   2.2137589233844512E-018
   345.00000000000000        4.3786800289429555E-018   2.3951230370649066E-018
   346.00000000000000        4.7388808564848369E-018   2.3631331463900016E-018
   347.00000000000000        5.1103860357711867E-018   2.3236518929389412E-018
   348.00000000000000        5.6110491079816107E-018   2.4568730018808178E-018
   349.00000000000000        6.2927569020947700E-018   2.6805167095553248E-018
   350.00000000000000        7.1228986516781589E-018   2.8742350914798350E-018
   351.00000000000000        8.0459003138913500E-018   3.0543397117017166E-018
   352.00000000000000        9.0492231832320588E-018   3.2408313054115466E-018
   353.00000000000000        1.0203912680931527E-017   3.3834636524007438E-018
   354.00000000000000        1.1657990236417348E-017   3.4851414475782937E-018
   355.00000000000000        1.3538009506346624E-017   3.6767891237561679E-018
   356.00000000000000        1.5775901458900070E-017   4.0699680002654626E-018
   357.00000000000000        1.7999336859422578E-017   4.5654206691679944E-018
   358.00000000000000        1.9632525609529599E-017   4.9361276605473428E-018
   359.00000000000000        2.0190162782456269E-017   5.0270457080836338E-018
   360.00000000000000        1.9570047694098832E-017   4.8238554095512543E-018
   361.00000000000000        1.8141039049346945E-017   4.4190205704148092E-018
   362.00000000000000        1.6575627457339963E-017   3.9756434254897835E-018
   363.00000000000000        1.5540783092864093E-017   3.6997377583886422E-018
   364.00000000000000        1.5423156111496136E-017   3.7329302114630122E-018
   365.00000000000000        1.6219728472805912E-017   4.0227391366572200E-018
   366.00000000000000        1.7624062852208955E-017   4.3872063420842424E-018
   367.00000000000000        1.9236377979383399E-017   4.6696558635912498E-018
   368.00000000000000        2.0769201857418135E-017   4.8104470176290641E-018
   369.00000000000000        2.2138785803990460E-017   4.8511393267541940E-018
   370.00000000000000        2.3415539143774483E-017   4.8839169626812910E-018
   371.00000000000000        2.4696541444424393E-017   4.9676450841145682E-018
   372.00000000000000        2.5994845400871426E-017   5.0947467924907310E-018
   373.00000000000000        2.7203740968519029E-017   5.2388686897342240E-018
   374.00000000000000        2.8138666527509766E-017   5.3844003106932246E-018
   375.00000000000000        2.8627853141470504E-017   5.4924365886089430E-018
   376.00000000000000        2.8608883661672892E-017   5.4951617032485163E-018
   377.00000000000000        2.8177258016138067E-017   5.3676388558557494E-018
   378.00000000000000        2.7546933672057581E-017   5.1901118138790162E-018
   379.00000000000000        2.6943271791111274E-017   5.0963419485901835E-018
   380.00000000000000        2.6513013345802277E-017   5.1258061762820960E-018
   381.00000000000000        2.6325698574067041E-017   5.1722210169557238E-018
   382.00000000000000        2.6448260860929607E-017   5.1261154871595540E-018
   383.00000000000000        2.6994876890378725E-017   5.0264492961076664E-018
   384.00000000000000        2.8081867802377609E-017   5.0399841915929294E-018
   385.00000000000000        2.9726361534980667E-017   5.2624504242092662E-018
   386.00000000000000        3.1794016441110915E-017   5.5844260004279976E-018
   387.00000000000000        3.4049573713528898E-017   5.8274626062565131E-018
   388.00000000000000        3.6255409504477550E-017   5.9351667007042741E-018
   389.00000000000000        3.8220027028965338E-017   5.9958265612197804E-018
   390.00000000000000        3.9761585620940419E-017   6.1140918779068296E-018
   391.00000000000000        4.0644057388687378E-017   6.2902696032730727E-018
   392.00000000000000        4.0569740994920479E-017   6.4409222668244892E-018
   393.00000000000000        3.9258644072300684E-017   6.4845616620392819E-018
   394.00000000000000        3.6574125605765517E-017   6.3677718858061562E-018
   395.00000000000000        3.2622341346110546E-017   6.0506911547358195E-018
   396.00000000000000        2.7769009152429846E-017   5.5167244059868781E-018
   397.00000000000000        2.2559021072345206E-017   4.8047741782148670E-018
   398.00000000000000        1.7569686614995722E-017   4.0209160524140161E-018
   399.00000000000000        1.3258649836686284E-017   3.3071504427243976E-018
   400.00000000000000        9.8678555507004176E-018   2.7780595329389953E-018
   401.00000000000000        7.4137060590095531E-018   2.4599015770050563E-018
   402.00000000000000        5.7496418797830223E-018   2.2869774757831790E-018
   403.00000000000000        4.6580657352376053E-018   2.1661742936522259E-018
   404.00000000000000        3.9281041227005502E-018   2.0382005782610579E-018
   405.00000000000000        3.3970928346896804E-018   1.8924500945279703E-018
   406.00000000000000        2.9583684069460134E-018   1.7457222123031105E-018
   407.00000000000000        2.5512920216391847E-018   1.6060663299797822E-018
   408.00000000000000        2.1484363978238836E-018   1.4558586613640467E-018
   409.00000000000000        1.7461411322746800E-018   1.2708744455308386E-018
   410.00000000000000        1.3571358361180974E-018   1.0465222950558724E-018
   411.00000000000000        1.0023221588475316E-018   8.0251003769499131E-019
   412.00000000000000        7.0162975730598559E-019   5.6939813774758083E-019
   413.00000000000000        4.6666816762115019E-019   3.7284348163475344E-019
   414.00000000000000        2.9782513974672707E-019   2.2519157798096067E-019
   415.00000000000000        1.8608637257931228E-019   1.2556201136495099E-019
   416.00000000000000        1.1754981184658255E-019   6.4853605239311692E-020
   417.00000000000000        7.7996954555724072E-020   3.1464531796968027E-020
   418.00000000000000        5.5827004754901980E-020   1.5185024330176014E-020
   419.00000000000000        4.3043067716453628E-020   8.5400324819406387E-021
   420.00000000000000        3.4886735858212495E-020   6.2459536761833886E-021
   421.00000000000000        2.8926238328560416E-020   5.2280694127613971E-021
   422.00000000000000        2.4174572960172412E-020   4.4819647231755729E-021
   423.00000000000000        2.0486878881282532E-020   3.8682845836782064E-021
   424.00000000000000        1.8250934800093472E-020   3.7074288312989182E-021
   425.00000000000000        1.8271558503440981E-020   5.0436093743434699E-021
   426.00000000000000        2.1714786828497715E-020   8.9497080250120056E-021
   427.00000000000000        2.9980229822474891E-020   1.6089959958852617E-020
   428.00000000000000        4.4404082635099658E-020   2.7169888397444301E-020
   429.00000000000000        6.5776823296911768E-020   4.2616244932344953E-020
   430.00000000000000        9.3787138415299496E-020   6.2061178229677280E-020
   431.00000000000000        1.2662636332332507E-019   8.4005789851520467E-020
   432.00000000000000        1.6101686769910236E-019   1.0585558852625166E-019
   433.00000000000000        1.9279927501183858E-019   1.2443714998904155E-019
   434.00000000000000        2.1796001084028355E-019   1.3690895808184520E-019
   435.00000000000000        2.3374238385486570E-019   1.4175515820122874E-019
   436.00000000000000        2.3942286668029845E-019   1.3942148548412123E-019
   437.00000000000000        2.3650573435556122E-019   1.3218896033445972E-019
   438.00000000000000        2.2838515174209235E-019   1.2311722825584749E-019
   439.00000000000000        2.1974340013056042E-019   1.1444839363920645E-019
   440.00000000000000        2.1595804100942991E-019   1.0665788968884013E-019
   441.00000000000000        2.2260860620210903E-019   9.9220315348210017E-020
   442.00000000000000        2.4497252857115348E-019   9.2484356363626994E-020
   443.00000000000000        2.8734937711265870E-019   8.8878804362847395E-020
   444.00000000000000        3.5219363933074613E-019   9.1833095537786227E-020
   445.00000000000000        4.3926179266347403E-019   1.0250066963340859E-019
   446.00000000000000        5.4512119518410115E-019   1.1840144199898018E-019
   447.00000000000000        6.6331858516866080E-019   1.3567691173394857E-019
   448.00000000000000        7.8528244532829064E-019   1.5119410996064063E-019
   449.00000000000000        9.0175591648411852E-019   1.6312146413641560E-019
   450.00000000000000        1.0043656024289911E-018   1.7080666416254228E-019
   451.00000000000000        1.0869080124285930E-018   1.7445538676450839E-019
   452.00000000000000        1.1460702302536690E-018   1.7477429471079984E-019
   453.00000000000000        1.1815160179583445E-018   1.7267531744215978E-019
   454.00000000000000        1.1954648516612298E-018   1.6907573544586660E-019
   455.00000000000000        1.1919978585071706E-018   1.6474725935323616E-019
   456.00000000000000        1.1763197665531780E-018   1.6017878018399285E-019
   457.00000000000000        1.1541172335019248E-018   1.5553356585390776E-019
   458.00000000000000        1.1310392562364297E-018   1.5082146786810234E-019
   459.00000000000000        1.1122455270744330E-018   1.4623747496107281E-019
   460.00000000000000        1.1019592352813418E-018   1.4240253575255191E-019
   461.00000000000000        1.1030163089384127E-018   1.4024337470148839E-019
   462.00000000000000        1.1164818320394147E-018   1.4051540910846574E-019
   463.00000000000000        1.1414538344077013E-018   1.4331441567346966E-019
   464.00000000000000        1.1751616198252317E-018   1.4797609401034020E-019
   465.00000000000000        1.2133930765444305E-018   1.5338916609819483E-019
   466.00000000000000        1.2511863956562431E-018   1.5841228294093699E-019
   467.00000000000000        1.2836392776410975E-018   1.6215453078479044E-019
   468.00000000000000        1.3066539905924576E-018   1.6409188072041583E-019
   469.00000000000000        1.3174579367316835E-018   1.6407494262636674E-019
   470.00000000000000        1.3148047694555963E-018   1.6227416481528083E-019
   471.00000000000000        1.2988475853403581E-018   1.5909626433461746E-019
   472.00000000000000        1.2707583758072583E-018   1.5509465029041820E-019
   473.00000000000000        1.2322257026969429E-018   1.5086862323235281E-019
   474.00000000000000        1.1849814242452264E-018   1.4692503730490980E-019
   475.00000000000000        1.1304827756986767E-018   1.4350881362641412E-019
   476.00000000000000        1.0698155501566933E-018   1.4048542285010183E-019
   477.00000000000000        1.0038065999815353E-018   1.3738260281458437E-019
   478.00000000000000        9.3326536273050124E-019   1.3360322302289685E-019
   479.00000000000000        8.5923814173496351E-019   1.2869292337065088E-019
   480.00000000000000        7.8316656260795680E-019   1.2251870815744548E-019
   481.00000000000000        7.0688668689524001E-019   1.1529230049960931E-019
   482.00000000000000        6.3246726364228596E-019   1.0746522984277578E-019
   483.00000000000000        5.6193995694723181E-019   9.9571443881077074E-020
   484.00000000000000        4.9700338078909391E-019   9.2091461340970266E-020
   485.00000000000000        4.3878166868521358E-019   8.5376026406679424E-020
   486.00000000000000        3.8769422831145745E-019   7.9621619821458388E-020
   487.00000000000000        3.4345903837331706E-019   7.4864645783395532E-020
   488.00000000000000        3.0521898884461032E-019   7.0973590134755191E-020
   489.00000000000000        2.7175626356131394E-019   6.7653476254723342E-020
   490.00000000000000        2.4174597589242327E-019   6.4492835149564100E-020
   491.00000000000000        2.1399713580606930E-019   6.1058515317112859E-020
   492.00000000000000        1.8763577608048036E-019   5.7005975044904938E-020
   493.00000000000000        1.6220033652134495E-019   5.2161542617355194E-020
   494.00000000000000        1.3764039519159133E-019   4.6551391512318699E-020
   495.00000000000000        1.1423186373294063E-019   4.0377195640989071E-020
   496.00000000000000        9.2439178800152981E-020   3.3955026612419502E-020
   497.00000000000000        7.2763198797522818E-020   2.7639895451093986E-020
   498.00000000000000        5.5610784839304637E-020   2.1756414066138549E-020
   499.00000000000000        4.1210385087623758E-020   1.6549572017188111E-020
   500.00000000000000        2.9582036786656060E-020   1.2161420422405457E-020
   501.00000000000000        2.0555416983138757E-020   8.6319824674676055E-021
   502.00000000000000        1.3819916671833834E-020   5.9176785491777249E-021
   503.00000000000000        8.9876818874529165E-021   3.9185987002313780E-021
   504.00000000000000        5.6532151521454464E-021   2.5066852945306433E-021
   505.00000000000000        3.4390432705374561E-021   1.5492771127791651E-021
   506.00000000000000        2.0234779930090236E-021   9.2534603243673217E-022
   507.00000000000000        1.1516750126795046E-021   5.3422240267849308E-022
   508.00000000000000        6.3416914210654392E-022   2.9818743354586614E-022
   509.00000000000000        3.3791963086876084E-022   1.6096077389455862E-022
   510.00000000000000        1.7428378341904730E-022   8.4049448798043063E-023
   511.00000000000000        8.7025717715856135E-023   4.2467811750929740E-023
   512.00000000000000        4.2082804067322898E-023   2.0769488291162133E-023
   513.00000000000000        1.9713024046567976E-023   9.8348373947679527E-024
   514.00000000000000        8.9479355917200936E-024   4.5104703602772612E-024
   515.00000000000000        3.9368263801455081E-024   2.0041496953465511E-024
   516.00000000000000        1.6794177695701743E-024   8.6304742450213316E-025
   517.00000000000000        6.9486002136529936E-025   3.6031261592630867E-025
   518.00000000000000        2.7893324023382602E-025   1.4588475078890575E-025
   519.00000000000000        1.0866924523455298E-025   5.7302303657863175E-026
   520.00000000000000        4.1101339943795124E-026   2.1843017677398127E-026
   521.00000000000000        1.5096905918307136E-026   8.0831078271119275E-027
   522.00000000000000        5.3869405162518141E-027   2.9047986315019649E-027
   523.00000000000000        1.8679190418273404E-027   1.0140796671367865E-027
   524.00000000000000        6.2961421695749309E-028   3.4402696941572308E-028
   525.00000000000000        2.0636215090281821E-028   1.1345473485107898E-028
   526.00000000000000        6.5790381595671682E-029   3.6383716223147776E-029
   527.00000000000000        2.0408386625276357E-029   1.1349832777950948E-029
   528.00000000000000        6.1617647819128449E-030   3.4451849166660615E-030
   529.00000000000000        1.8112864368718075E-030   1.0179299561663783E-030
   530.00000000000000        5.1854830276868497E-031   2.9285052838854028E-031
   531.00000000000000        1.4462550434398732E-031   8.2060879006782052E-032
   532.00000000000000        3.9308517898876902E-032   2.2404042474693470E-032
   533.00000000000000        1.0414683158429723E-032   5.9614709861444786E-033
   534.00000000000000        2.6906270517838959E-033   1.5465100731901190E-033
   535.00000000000000        6.7801352326420801E-034   3.9125370188189978E-034
   536.00000000000000        1.6669742052680104E-034   9.6561349196359452E-035
   537.00000000000000        3.9999284496558123E-035   2.3255129575484784E-035
   538.00000000000000        9.3698881509086003E-036   5.4668206287191204E-036
   539.00000000000000        2.1433856311869524E-036   1.2548164097882724E-036
   540.00000000000000        4.7893181210311135E-037   2.8130805761923647E-037
   541.00000000000000        1.0456277547053360E-037   6.1612200333883821E-038
   542.00000000000000        2.2311665731313503E-038   1.3187376774849460E-038
   543.00000000000000        4.6543456183624430E-039   2.7591828813478255E-039
   544.00000000000000        9.4945877343739201E-040   5.6448813073154679E-040
   545.00000000000000        1.8945339129830986E-040   1.1295408341478153E-040
   546.00000000000000        3.6987435808522452E-041   2.2112663518357644E-041
   547.00000000000000        7.0671978921110633E-042   4.2363327610986938E-042
   548.00000000000000        1.3218918565200879E-042   7.9444811664169534E-043
   549.00000000000000        2.4211046000145205E-043   1.4587563446029208E-043
   550.00000000000000        4.3432245370907145E-044   2.6233468511696145E-044
   551.00000000000000        7.6331381215844744E-045   4.6216508701602234E-045
   552.00000000000000        1.3146069790317806E-045   7.9784490944358178E-046
   553.00000000000000        2.2192153536062117E-046   1.3499881690198546E-046
   554.00000000000000        3.6730028452587140E-047   2.2394458713744052E-047
   555.00000000000000        5.9616689938332379E-048   3.6429907069372050E-048
   556.00000000000000        9.4917129017855005E-049   5.8128484453353776E-049
   557.00000000000000        1.4827083581665811E-049   9.0999446261141581E-050
   558.00000000000000        2.2730301432819448E-050   1.3980149319709163E-050
   559.00000000000000        3.4208427819344257E-051   2.1082728958781492E-051
   560.00000000000000        5.0772493044167877E-052   3.1272568500446496E-052
   561.00000000000000        8.9992160552699828E-053   5.2080916308912984E-053
   562.00000000000000        1.2532410370644717E-052   1.1663423800328580E-052
   563.00000000000000        7.6896449927205931E-052   7.6772266841558268E-052
   564.00000000000000        4.9708500426223989E-051   4.9706788397673253E-051
   565.00000000000000        3.1213732324257573E-050   3.1213709133461862E-050
   566.00000000000000        1.9010890414209481E-049   1.9010890105367040E-049
   567.00000000000000        1.1233367823864157E-048   1.1233367819819582E-048
   568.00000000000000        6.4415765399307835E-048   6.4415765398786815E-048
   569.00000000000000        3.5856841314692774E-047   3.5856841314686098E-047
   570.00000000000000        1.9380782664685440E-046   1.9380782664685358E-046
   571.00000000000000        1.0174440754837292E-045   1.0174440754837281E-045
   572.00000000000000        5.1893032467036912E-045   5.1893032467036725E-045
   573.00000000000000        2.5720827223768035E-044   2.5720827223768020E-044
   574.00000000000000        1.2392391247510186E-043   1.2392391247510223E-043
   575.00000000000000        5.8054428197338866E-043   5.8054428197338978E-043
   576.00000000000000        2.6450886151917063E-042   2.6450886151917073E-042
   577.00000000000000        1.1724198934907197E-041   1.1724198934907230E-041
   578.00000000000000        5.0568085772061795E-041   5.0568085772061907E-041
   579.00000000000000        2.1229091712964979E-040   2.1229091712964959E-040
   580.00000000000000        8.6767672704265220E-040   8.6767672704265302E-040
   581.00000000000000        3.4535448123791303E-039   3.4535448123791297E-039
   582.00000000000000        1.3389388516471244E-038   1.3389388516471226E-038
   583.00000000000000        5.0576842122879588E-038   5.0576842122879734E-038
   584.00000000000000        1.8618459767960937E-037   1.8618459767960985E-037
   585.00000000000000        6.6810015731044623E-037   6.6810015731044498E-037
   586.00000000000000        2.3374850952158892E-036   2.3374850952158912E-036
   587.00000000000000        7.9756892486361145E-036   7.9756892486361318E-036
   588.00000000000000        2.6546136759948421E-035   2.6546136759948394E-035
   589.00000000000000        8.6208241658834012E-035   8.6208241658834354E-035
   590.00000000000000        2.7321858625633863E-034   2.7321858625633961E-034
   591.00000000000000        8.4524836822256111E-034   8.4524836822255975E-034
   592.00000000000000        2.5531055901537529E-033   2.5531055901537583E-033
   593.00000000000000        7.5311322295475693E-033   7.5311322295475899E-033
   594.00000000000000        2.1699743891469365E-032   2.1699743891469453E-032
   595.00000000000000        6.1086694071801951E-032   6.1086694071801710E-032
   596.00000000000000        1.6804679254445796E-031   1.6804679254445782E-031
   597.00000000000000        4.5185429919341200E-031   4.5185429919341218E-031
   598.00000000000000        1.1877998959486336E-030   1.1877998959486336E-030
   599.00000000000000        3.0532053152417643E-030   3.0532053152417724E-030
   600.00000000000000        7.6758574603737895E-030   7.6758574603737979E-030
