5 740          # first data record, number of data records
# XS_nm_spectr_hgbrooh_cas1611_vtzp_d05.txt
# without temperature correction
# E[nm] sigma(E)[cm2/molecule]
   170.00000000000000        6.5103541575070796E-018   6.8010827920575767E-019
   171.00000000000000        6.3956628349045144E-018   5.1851225263346101E-019
   172.00000000000000        6.2982330819305584E-018   5.6675945461257878E-019
   173.00000000000000        6.4139433051562573E-018   6.9308868227445558E-019
   174.00000000000000        6.6745965718200154E-018   6.1071453081030301E-019
   175.00000000000000        7.9510705233245375E-018   7.3177048451443344E-019
   176.00000000000000        7.4759367436707107E-018   6.5525054673073344E-019
   177.00000000000000        7.1264053436126909E-018   5.5034759165685792E-019
   178.00000000000000        7.8898647400842123E-018   6.4817417835808042E-019
   179.00000000000000        6.6301603241282040E-018   6.0628918032298497E-019
   180.00000000000000        6.6371877159925236E-018   6.9820830556562400E-019
   181.00000000000000        7.0330501961255657E-018   7.1544053373014071E-019
   182.00000000000000        7.1812748840650482E-018   5.8217556471221092E-019
   183.00000000000000        8.0332696984679641E-018   6.5005975964848996E-019
   184.00000000000000        7.5888877853628278E-018   5.3099261997687604E-019
   185.00000000000000        6.6097726511037938E-018   5.8367498765360220E-019
   186.00000000000000        6.5042585176163467E-018   6.8498125966475203E-019
   187.00000000000000        5.6950818412489760E-018   5.1279401430565858E-019
   188.00000000000000        5.7090466813700705E-018   8.5220614285224004E-019
   189.00000000000000        4.9577658649237150E-018   6.9354214055654298E-019
   190.00000000000000        4.3742128503503584E-018   5.9366793657511097E-019
   191.00000000000000        4.4061026379700640E-018   4.8426228229279252E-019
   192.00000000000000        4.2663165311991590E-018   4.3821225664747460E-019
   193.00000000000000        3.9563441724359293E-018   4.0655520585276820E-019
   194.00000000000000        4.4392234990145590E-018   4.7611424081842297E-019
   195.00000000000000        5.2289181482734064E-018   5.4784129633794271E-019
   196.00000000000000        5.6428081118298268E-018   6.1472854870300006E-019
   197.00000000000000        5.0873166013029763E-018   4.8784650372928489E-019
   198.00000000000000        5.1632129385514342E-018   4.6660792400128361E-019
   199.00000000000000        5.5662068093483616E-018   6.0002799083146691E-019
   200.00000000000000        5.3061258109588890E-018   6.2803454549869686E-019
   201.00000000000000        5.4673039542807409E-018   6.7616326774473614E-019
   202.00000000000000        5.7404446869477284E-018   7.2003221618807025E-019
   203.00000000000000        5.8319206720207775E-018   7.4576793194009771E-019
   204.00000000000000        6.1086741894618515E-018   7.4989560092991550E-019
   205.00000000000000        6.7496024958723649E-018   8.2035064306230540E-019
   206.00000000000000        7.0410947948323990E-018   8.2952270288196162E-019
   207.00000000000000        7.7469692180462774E-018   1.2470435531243452E-018
   208.00000000000000        8.5679326798724190E-018   2.4398853831236376E-018
   209.00000000000000        7.0959787256732667E-018   1.8331205734649243E-018
   210.00000000000000        5.6233937106161286E-018   7.9954619248418079E-019
   211.00000000000000        6.7367512477549132E-018   1.1048498652562453E-018
   212.00000000000000        7.7115083773762367E-018   1.5191219967706514E-018
   213.00000000000000        7.6437880030652598E-018   1.5299143341664961E-018
   214.00000000000000        8.5853435030875257E-018   2.2100062342560441E-018
   215.00000000000000        8.1658502620043065E-018   1.8219867120031181E-018
   216.00000000000000        6.1387476120183035E-018   9.0806583530108561E-019
   217.00000000000000        6.6986457178569753E-018   1.1910525778441617E-018
   218.00000000000000        8.9594097572760229E-018   1.6408483953542885E-018
   219.00000000000000        9.4575403412168307E-018   1.5292397995832636E-018
   220.00000000000000        9.0381591679896247E-018   1.4879935687406976E-018
   221.00000000000000        8.7668048192315969E-018   1.3948566021159581E-018
   222.00000000000000        8.4275617978531941E-018   1.1410747526186641E-018
   223.00000000000000        9.4579611474388973E-018   1.3193959579787442E-018
   224.00000000000000        1.1493224416491327E-017   2.3763647107665778E-018
   225.00000000000000        1.1523761601569511E-017   2.5123146006234574E-018
   226.00000000000000        1.0352284659943557E-017   1.4362015533550040E-018
   227.00000000000000        1.0605807931117983E-017   1.2774108044188602E-018
   228.00000000000000        1.0691888144446079E-017   1.1932831534523052E-018
   229.00000000000000        1.0934361064031213E-017   1.0894268766372403E-018
   230.00000000000000        1.2000680058459963E-017   1.3261951715495026E-018
   231.00000000000000        1.1868125581828009E-017   1.3527569243387201E-018
   232.00000000000000        1.0924422344609767E-017   1.2597514247812341E-018
   233.00000000000000        1.0609432785551544E-017   1.3511385997815587E-018
   234.00000000000000        1.0372615974730982E-017   1.1977095976716243E-018
   235.00000000000000        1.0893778672480262E-017   1.2592844974895201E-018
   236.00000000000000        1.2217159480119710E-017   1.6083939433108689E-018
   237.00000000000000        1.2714732398272167E-017   1.6991652507972647E-018
   238.00000000000000        1.2496495730427375E-017   1.5888017538366101E-018
   239.00000000000000        1.2562961556853991E-017   1.6041937069271855E-018
   240.00000000000000        1.2694868665871401E-017   1.4480437383310146E-018
   241.00000000000000        1.2243238375387855E-017   1.3466296553431374E-018
   242.00000000000000        1.1255438676244561E-017   1.1992327298940230E-018
   243.00000000000000        1.0318230310277753E-017   1.1402066878541346E-018
   244.00000000000000        9.2919336035935211E-018   1.0162831163940648E-018
   245.00000000000000        8.7556409968983898E-018   9.8464453915600503E-019
   246.00000000000000        9.4550859820068953E-018   1.1959347753187487E-018
   247.00000000000000        1.0792404842486034E-017   1.3498166557728693E-018
   248.00000000000000        1.2217454376247072E-017   1.6268204272894193E-018
   249.00000000000000        1.2957528647883601E-017   1.7779643245377615E-018
   250.00000000000000        1.2630962859900851E-017   1.6776422612789185E-018
   251.00000000000000        1.2367954027170667E-017   1.4829344713552959E-018
   252.00000000000000        1.3113589280564884E-017   1.6839952660308995E-018
   253.00000000000000        1.3807030987391363E-017   1.9588292113338979E-018
   254.00000000000000        1.2713498581162958E-017   1.8626968635945222E-018
   255.00000000000000        1.0439520841158678E-017   1.4782272202594525E-018
   256.00000000000000        9.4108476483189649E-018   1.4186556724509170E-018
   257.00000000000000        1.0761930481002363E-017   2.2716919558712031E-018
   258.00000000000000        1.3208721666413415E-017   3.3302602524963338E-018
   259.00000000000000        1.4520253331621632E-017   3.4234919843203244E-018
   260.00000000000000        1.3870518317975885E-017   2.7830401650077857E-018
   261.00000000000000        1.2414994389547062E-017   2.1021736088053468E-018
   262.00000000000000        1.1994203635512472E-017   1.9331984726005217E-018
   263.00000000000000        1.2732689826835579E-017   2.3474530862914266E-018
   264.00000000000000        1.2928420056898754E-017   2.4103272549399440E-018
   265.00000000000000        1.2108446180363045E-017   2.0135581468137016E-018
   266.00000000000000        1.1201788499453970E-017   1.8828588840373308E-018
   267.00000000000000        1.0375579914904221E-017   2.1166651288538547E-018
   268.00000000000000        9.2093510149885796E-018   2.1768184144207703E-018
   269.00000000000000        7.7610339632074297E-018   1.8146206591080565E-018
   270.00000000000000        6.8173606573293193E-018   1.4146038491335820E-018
   271.00000000000000        7.1023766431052800E-018   1.6919116793136707E-018
   272.00000000000000        8.0654140865296931E-018   2.1531787338375403E-018
   273.00000000000000        8.5463189594928312E-018   2.0983229605239545E-018
   274.00000000000000        8.3623677250274658E-018   1.8627209271410905E-018
   275.00000000000000        7.8535939607906188E-018   1.8166055673471159E-018
   276.00000000000000        6.9595528110295020E-018   1.6331502238399862E-018
   277.00000000000000        5.7962658023089158E-018   1.2669398452728489E-018
   278.00000000000000        5.0359263160781582E-018   1.0286894363757935E-018
   279.00000000000000        5.2280534823994550E-018   1.2087724293945903E-018
   280.00000000000000        6.1423063610988301E-018   1.7171104025051214E-018
   281.00000000000000        6.8936780663544739E-018   2.1940143434486431E-018
   282.00000000000000        6.7868255003278994E-018   2.3285589078882559E-018
   283.00000000000000        5.9293533919431912E-018   2.0303825701259794E-018
   284.00000000000000        4.8602627038330075E-018   1.5148198962552789E-018
   285.00000000000000        3.8852915450620961E-018   1.0724293810460937E-018
   286.00000000000000        3.0901197087497031E-018   7.6526829624141087E-019
   287.00000000000000        2.6932163242110090E-018   6.1870974866237645E-019
   288.00000000000000        2.9756260041653414E-018   7.1897920584472177E-019
   289.00000000000000        3.9465674725245871E-018   9.6974628176761362E-019
   290.00000000000000        5.2798814574766745E-018   1.2074574718974782E-018
   291.00000000000000        6.5747976046480817E-018   1.3862190530314052E-018
   292.00000000000000        7.5553989038233846E-018   1.5461401936682037E-018
   293.00000000000000        8.0581177469723076E-018   1.6220445960769204E-018
   294.00000000000000        8.0965675092490877E-018   1.5499106128823600E-018
   295.00000000000000        7.9441628164844997E-018   1.4511527897309053E-018
   296.00000000000000        7.8678359139086589E-018   1.4388958013994834E-018
   297.00000000000000        7.7684663041188146E-018   1.4605133572463890E-018
   298.00000000000000        7.3250857824680327E-018   1.3862757474049754E-018
   299.00000000000000        6.5141195265600827E-018   1.1788564029641897E-018
   300.00000000000000        5.7187930240481199E-018   9.9638949837350235E-019
   301.00000000000000        5.2471046583660390E-018   1.0025733816254466E-018
   302.00000000000000        5.0132851195276548E-018   1.0897858176235509E-018
   303.00000000000000        4.8061258484673210E-018   1.0957450398824801E-018
   304.00000000000000        4.6312975249473654E-018   1.0262042743586797E-018
   305.00000000000000        4.6150977118708112E-018   1.0124650845061547E-018
   306.00000000000000        4.7062587044819537E-018   1.0641420473320049E-018
   307.00000000000000        4.6872115406173015E-018   1.0554725563625330E-018
   308.00000000000000        4.4764502993807136E-018   9.5186386970364473E-019
   309.00000000000000        4.2647318237890850E-018   8.5619047980735796E-019
   310.00000000000000        4.3066748252736306E-018   8.9284970632998548E-019
   311.00000000000000        4.6440334708660586E-018   1.0504043726285676E-018
   312.00000000000000        5.0426961558554206E-018   1.2400102853635038E-018
   313.00000000000000        5.1749244108764144E-018   1.3482919836474352E-018
   314.00000000000000        4.9045473644049973E-018   1.2676746891906321E-018
   315.00000000000000        4.4200219518059555E-018   1.0483888196548183E-018
   316.00000000000000        4.0440355857241924E-018   9.2391663815572404E-019
   317.00000000000000        3.9201023820757417E-018   1.0038058003974225E-018
   318.00000000000000        3.9367705691109417E-018   1.1216152612284282E-018
   319.00000000000000        3.9131548899027477E-018   1.1802476944350765E-018
   320.00000000000000        3.7684434886316911E-018   1.2023561854521126E-018
   321.00000000000000        3.5266413588477115E-018   1.1866395481256537E-018
   322.00000000000000        3.2419508519100922E-018   1.1197244196534420E-018
   323.00000000000000        2.9466746946302724E-018   1.0406430708941248E-018
   324.00000000000000        2.6457991404123245E-018   9.6736710145997056E-019
   325.00000000000000        2.3483288334735477E-018   8.6251635827165796E-019
   326.00000000000000        2.0925467171130515E-018   7.3370485027328736E-019
   327.00000000000000        1.9221689907775163E-018   6.5844376349662529E-019
   328.00000000000000        1.8424469475041303E-018   6.5929374908010980E-019
   329.00000000000000        1.8180198333074100E-018   6.8225329652638740E-019
   330.00000000000000        1.8147602076508442E-018   6.9607953420103391E-019
   331.00000000000000        1.8389292887534844E-018   6.8778593952364117E-019
   332.00000000000000        1.9374106466580989E-018   6.7261586772828599E-019
   333.00000000000000        2.1505789586420274E-018   7.2701551254168671E-019
   334.00000000000000        2.4450455206555453E-018   8.9760225003730796E-019
   335.00000000000000        2.6892194566418281E-018   1.1047699531742281E-018
   336.00000000000000        2.7184284999373677E-018   1.2209275177636599E-018
   337.00000000000000        2.4557489924261695E-018   1.1655343977357194E-018
   338.00000000000000        1.9858261846927111E-018   9.5140061362024511E-019
   339.00000000000000        1.5075011701892444E-018   6.7731939233715879E-019
   340.00000000000000        1.1998277132556850E-018   4.9838993845562736E-019
   341.00000000000000        1.1115646168731019E-018   5.3001652635947226E-019
   342.00000000000000        1.1544138127873485E-018   6.4928421727474136E-019
   343.00000000000000        1.1888571981313772E-018   7.0525834898698811E-019
   344.00000000000000        1.1250256183086422E-018   6.5214461633561487E-019
   345.00000000000000        9.6626792884059177E-019   5.1928278624760205E-019
   346.00000000000000        7.8373676167593467E-019   3.7052359691795693E-019
   347.00000000000000        6.6287746882649536E-019   2.6871278173825905E-019
   348.00000000000000        6.6110274120412444E-019   2.7430840163647521E-019
   349.00000000000000        7.8504607359857239E-019   3.8801446950794178E-019
   350.00000000000000        9.8517726575239335E-019   5.3586601787239917E-019
   351.00000000000000        1.1745347591147737E-018   6.4883778333613464E-019
   352.00000000000000        1.2723119965821980E-018   6.8318495246282629E-019
   353.00000000000000        1.2493438924725945E-018   6.3299381413414719E-019
   354.00000000000000        1.1434295706504274E-018   5.3199315418020777E-019
   355.00000000000000        1.0329501220742223E-018   4.5237214882830614E-019
   356.00000000000000        9.8699985713031379E-019   4.8737200723227071E-019
   357.00000000000000        1.0249020245795960E-018   6.3151014865900420E-019
   358.00000000000000        1.1107530765134742E-018   7.8162418647821894E-019
   359.00000000000000        1.1841396849962347E-018   8.5569642377028367E-019
   360.00000000000000        1.2009723426365627E-018   8.3075664637257714E-019
   361.00000000000000        1.1525328817684649E-018   7.4538169410837888E-019
   362.00000000000000        1.0550937480484672E-018   6.6170802275673714E-019
   363.00000000000000        9.3102835573482985E-019   5.9948453354559964E-019
   364.00000000000000        8.0328186956701671E-019   5.2920129844530877E-019
   365.00000000000000        7.0183182773566400E-019   4.3498918930928193E-019
   366.00000000000000        6.6433217217507276E-019   3.5415661476197944E-019
   367.00000000000000        7.2027351209638750E-019   3.7192511342120395E-019
   368.00000000000000        8.6690240877047599E-019   5.0785220078525509E-019
   369.00000000000000        1.0565780050725626E-018   6.8364512909351642E-019
   370.00000000000000        1.2104383116130892E-018   8.2387805759608790E-019
   371.00000000000000        1.2551094685297943E-018   8.7680730449766423E-019
   372.00000000000000        1.1603201885253333E-018   8.2380434703370993E-019
   373.00000000000000        9.5224262681063686E-019   6.8429118129048568E-019
   374.00000000000000        6.9521650178191266E-019   5.0332295455029355E-019
   375.00000000000000        4.5789257187884353E-019   3.2848394325484774E-019
   376.00000000000000        2.8766715701843369E-019   1.9261137104634650E-019
   377.00000000000000        2.0509584093219980E-019   1.2180506534726089E-019
   378.00000000000000        2.1217187735224258E-019   1.5605272411416905E-019
   379.00000000000000        3.0071538449221399E-019   2.7214019495414194E-019
   380.00000000000000        4.5284281943255403E-019   4.3624492122732809E-019
   381.00000000000000        6.3662910803736795E-019   6.2127338968046005E-019
   382.00000000000000        8.0654517661610823E-019   7.8615184389826480E-019
   383.00000000000000        9.1495055823698190E-019   8.8550583224504919E-019
   384.00000000000000        9.3081924413375464E-019   8.8952440066243527E-019
   385.00000000000000        8.5399722218984859E-019   7.9847243513641692E-019
   386.00000000000000        7.1504299970398433E-019   6.4205082145074389E-019
   387.00000000000000        5.6059605296385150E-019   4.6526417047403559E-019
   388.00000000000000        4.3337889991406342E-019   3.1349091748531997E-019
   389.00000000000000        3.5734637757846588E-019   2.2978420839820963E-019
   390.00000000000000        3.3317785175880636E-019   2.3530358540192337E-019
   391.00000000000000        3.4316486397285246E-019   2.8597299283732652E-019
   392.00000000000000        3.6143385299574761E-019   3.3222725847643531E-019
   393.00000000000000        3.6498272733733995E-019   3.5069944820345844E-019
   394.00000000000000        3.4160560620875929E-019   3.3431945809669825E-019
   395.00000000000000        2.9218243927104500E-019   2.8796569681160509E-019
   396.00000000000000        2.2728842899273954E-019   2.2443081724352974E-019
   397.00000000000000        1.6071033086647837E-019   1.5850332395766270E-019
   398.00000000000000        1.0352368061168122E-019   1.0159090705422684E-019
   399.00000000000000        6.1221786240055734E-020   5.9181107984672237E-020
   400.00000000000000        3.4111907332670391E-020   3.1407895716746258E-020
   401.00000000000000        1.9531267148146429E-020   1.5460637989298587E-020
   402.00000000000000        1.4204326671396994E-020   8.7586237405819528E-021
   403.00000000000000        1.5854843146219873E-020   1.0098246482732993E-020
   404.00000000000000        2.4109243853925538E-020   1.6272697332860548E-020
   405.00000000000000        4.1160904233938601E-020   2.8344811756121326E-020
   406.00000000000000        7.2457325690529116E-020   5.3395016787532607E-020
   407.00000000000000        1.2701343563677683E-019   1.0278140889646109E-019
   408.00000000000000        2.1629058720957195E-019   1.8946502252629151E-019
   409.00000000000000        3.5055739258856484E-019   3.2410636106144992E-019
   410.00000000000000        5.3278426046215331E-019   5.0921625788229009E-019
   411.00000000000000        7.5219827697661448E-019   7.3305620860563887E-019
   412.00000000000000        9.8133723883864996E-019   9.6707867937836801E-019
   413.00000000000000        1.1800451760819965E-018   1.1702486505194562E-018
   414.00000000000000        1.3066799880455320E-018   1.3004193313445677E-018
   415.00000000000000        1.3323958114007475E-018   1.3286099177354893E-018
   416.00000000000000        1.2517672514571726E-018   1.2495149799521356E-018
   417.00000000000000        1.0844318539984331E-018   1.0830073168450776E-018
   418.00000000000000        8.6717439021273457E-019   8.6611706000594606E-019
   419.00000000000000        6.4080095966451644E-019   6.3985206788671788E-019
   420.00000000000000        4.3811203332749096E-019   4.3715646333979690E-019
   421.00000000000000        2.7751714475019861E-019   2.7652991677675889E-019
   422.00000000000000        1.6313912997518991E-019   1.6214175411687213E-019
   423.00000000000000        8.9205353190276934E-020   8.8232582879584372E-020
   424.00000000000000        4.5549478825402671E-020   4.4627228799236414E-020
   425.00000000000000        2.1895339735366410E-020   2.1030905623718797E-020
   426.00000000000000        1.0099616936546708E-020   9.2839555845261128E-021
   427.00000000000000        4.6789178189660790E-021   3.8989942396987340E-021
   428.00000000000000        2.3844538449964540E-021   1.6429583751258041E-021
   429.00000000000000        1.4902794521149998E-021   8.1750941257272676E-022
   430.00000000000000        1.1662805948538972E-021   5.7438962287592692E-022
   431.00000000000000        1.0521277839522780E-021   5.0242636037585755E-022
   432.00000000000000        1.0117624012589814E-021   4.6998977911970535E-022
   433.00000000000000        1.0082259933398797E-021   4.6378874382833932E-022
   434.00000000000000        1.0470120302093514E-021   4.9551685089689642E-022
   435.00000000000000        1.1559298262425250E-021   5.7430347823905923E-022
   436.00000000000000        1.3839997646620591E-021   7.2839668676600793E-022
   437.00000000000000        1.8081937235897184E-021   1.0469803307425896E-021
   438.00000000000000        2.5380401229550785E-021   1.6698956814190534E-021
   439.00000000000000        3.7086501226572599E-021   2.7295212925178813E-021
   440.00000000000000        5.4559499689619299E-021   4.3182669313349639E-021
   441.00000000000000        7.8749377768457565E-021   6.4640816112567429E-021
   442.00000000000000        1.0970912636739406E-020   9.0969208591782845E-021
   443.00000000000000        1.4620773830365541E-020   1.2028712956795138E-020
   444.00000000000000        1.8562196863020780E-020   1.4969141254738331E-020
   445.00000000000000        2.2420848692867201E-020   1.7583258144483992E-020
   446.00000000000000        2.5772439316122245E-020   1.9575074923680690E-020
   447.00000000000000        2.8223671025398433E-020   2.0763163463691954E-020
   448.00000000000000        2.9490510650635833E-020   2.1112109934016027E-020
   449.00000000000000        2.9456358719690706E-020   2.0704187331958089E-020
   450.00000000000000        2.8204247446887586E-020   1.9671926145583632E-020
   451.00000000000000        2.6030784325297720E-020   1.8141091942366953E-020
   452.00000000000000        2.3459929128067753E-020   1.6234325305380316E-020
   453.00000000000000        2.1278110147161017E-020   1.4196040767285433E-020
   454.00000000000000        2.0605472083730296E-020   1.2870813617062205E-020
   455.00000000000000        2.2997873538844135E-020   1.4770650573131323E-020
   456.00000000000000        3.0539700904682725E-020   2.3270946352271105E-020
   457.00000000000000        4.5845993527463315E-020   4.0349774568103999E-020
   458.00000000000000        7.1864045737132897E-020   6.8068807813789291E-020
   459.00000000000000        1.1137933034385235E-019   1.0890213248231263E-019
   460.00000000000000        1.6621226959346766E-019   1.6464817958474305E-019
   461.00000000000000        2.3623678822807612E-019   2.3525519281466703E-019
   462.00000000000000        3.1851070263004508E-019   3.1787438623712826E-019
   463.00000000000000        4.0689854953068458E-019   4.0645360256683520E-019
   464.00000000000000        4.9250944741224382E-019   4.9216581473443214E-019
   465.00000000000000        5.6504242292103673E-019   5.6475385839175387E-019
   466.00000000000000        6.1479618103214949E-019   6.1454333493058444E-019
   467.00000000000000        6.3480120438137289E-019   6.3457899500750552E-019
   468.00000000000000        6.2241845040324424E-019   6.2222758865880517E-019
   469.00000000000000        5.7989367064425553E-019   5.7973565618750767E-019
   470.00000000000000        5.1370876214627102E-019   5.1358349937450280E-019
   471.00000000000000        4.3297920409906088E-019   4.3288439279231162E-019
   472.00000000000000        3.4743546008875893E-019   3.4736701002976307E-019
   473.00000000000000        2.6558926766711737E-019   2.6554213715385800E-019
   474.00000000000000        1.9352854650081678E-019   1.9349758917041226E-019
   475.00000000000000        1.3450646974799902E-019   1.3448706156784458E-019
   476.00000000000000        8.9221005794891637E-020   8.9209380876750912E-020
   477.00000000000000        5.6516574103037530E-020   5.6509901399708249E-020
   478.00000000000000        3.4207827760866512E-020   3.4204105713467708E-020
   479.00000000000000        1.9795723002097231E-020   1.9793565355530397E-020
   480.00000000000000        1.0959142853338998E-020   1.0957490972303020E-020
   481.00000000000000        5.8083746689879154E-021   5.8061110651337736E-021
   482.00000000000000        2.9510191334193971E-021   2.9463785095376081E-021
   483.00000000000000        1.4431328222108720E-021   1.4327248091138989E-021
   484.00000000000000        6.9090637406465406E-022   6.6823812639470781E-022
   485.00000000000000        3.4729386756043343E-022   3.0240665979696077E-022
   486.00000000000000        2.2636190058817239E-022   1.6107407425066377E-022
   487.00000000000000        2.4211387454375033E-022   1.9624373260952130E-022
   488.00000000000000        3.6941849881866964E-022   3.4900929323424534E-022
   489.00000000000000        6.2093430134167798E-022   6.1297733004292558E-022
   490.00000000000000        1.0334045388593579E-021   1.0304763738970969E-021
   491.00000000000000        1.6577075477059720E-021   1.6566747818398720E-021
   492.00000000000000        2.5486754992597388E-021   2.5483251225088305E-021
   493.00000000000000        3.7526110146614457E-021   3.7524965425843095E-021
   494.00000000000000        5.2925202889939869E-021   5.2924842504294067E-021
   495.00000000000000        7.1531296237863836E-021   7.1531186852409406E-021
   496.00000000000000        9.2693229821185772E-021   9.2693197796641755E-021
   497.00000000000000        1.1522169046723050E-020   1.1522168141949623E-020
   498.00000000000000        1.3745773806071031E-020   1.3745773559280036E-020
   499.00000000000000        1.5745807990300768E-020   1.5745807925280531E-020
   500.00000000000000        1.7327309030382193E-020   1.7327309013828578E-020
   501.00000000000000        1.8326301118132974E-020   1.8326301114058757E-020
   502.00000000000000        1.8638059477044589E-020   1.8638059476074633E-020
   503.00000000000000        1.8235218147432843E-020   1.8235218147209543E-020
   504.00000000000000        1.7171389589875910E-020   1.7171389589826001E-020
   505.00000000000000        1.5569747598697710E-020   1.5569747598686907E-020
   506.00000000000000        1.3599860640601237E-020   1.3599860640599061E-020
   507.00000000000000        1.1448718938842815E-020   1.1448718938842368E-020
   508.00000000000000        9.2926460450965574E-021   9.2926460450964596E-021
   509.00000000000000        7.2756237403795934E-021   7.2756237403795994E-021
   510.00000000000000        5.4971230270975709E-021   5.4971230270975837E-021
   511.00000000000000        4.0097653162989458E-021   4.0097653162989428E-021
   512.00000000000000        2.8248963570589608E-021   2.8248963570589683E-021
   513.00000000000000        1.9229414402797383E-021   1.9229414402797338E-021
   514.00000000000000        1.2652847683118697E-021   1.2652847683118699E-021
   515.00000000000000        8.0509845217420973E-022   8.0509845217421444E-022
   516.00000000000000        4.9560670036538225E-022   4.9560670036538206E-022
   517.00000000000000        2.9531062954050553E-022   2.9531062954050398E-022
   518.00000000000000        1.7046530809140909E-022   1.7046530809140951E-022
   519.00000000000000        9.5508284024822784E-023   9.5508284024823019E-023
   520.00000000000000        5.2232271498431912E-023   5.2232271498431853E-023
   521.00000000000000        2.8382537957181146E-023   2.8382537957181064E-023
   522.00000000000000        1.6156862136426562E-023   1.6156862136426524E-023
   523.00000000000000        1.0879286764705001E-023   1.0879286764705033E-023
   524.00000000000000        9.9558111459990174E-024   9.9558111459990130E-024
   525.00000000000000        1.2115053127072546E-023   1.2115053127072599E-023
   526.00000000000000        1.6883608317278588E-023   1.6883608317278591E-023
   527.00000000000000        2.4229727508448345E-023   2.4229727508448419E-023
   528.00000000000000        3.4315011724645455E-023   3.4315011724645237E-023
   529.00000000000000        4.7310394602622505E-023   4.7310394602622446E-023
   530.00000000000000        6.3251955964103449E-023   6.3251955964103461E-023
   531.00000000000000        8.1929315623565207E-023   8.1929315623565230E-023
   532.00000000000000        1.0281163497284497E-022   1.0281163497284447E-022
   533.00000000000000        1.2502200975469147E-022   1.2502200975469169E-022
   534.00000000000000        1.4736982571821651E-022   1.4736982571821663E-022
   535.00000000000000        1.6844334456815318E-022   1.6844334456815349E-022
   536.00000000000000        1.8675365222735162E-022   1.8675365222735249E-022
   537.00000000000000        2.0090945769369042E-022   2.0090945769368918E-022
   538.00000000000000        2.0979368786868525E-022   2.0979368786868488E-022
   539.00000000000000        2.1271025112777382E-022   2.1271025112777495E-022
   540.00000000000000        2.0947395786414886E-022   2.0947395786414907E-022
   541.00000000000000        2.0042752327269703E-022   2.0042752327269618E-022
   542.00000000000000        1.8638412796747261E-022   1.8638412796747358E-022
   543.00000000000000        1.6850847561030608E-022   1.6850847561030594E-022
   544.00000000000000        1.4816012392639822E-022   1.4816012392639793E-022
   545.00000000000000        1.2672773807218663E-022   1.2672773807218634E-022
   546.00000000000000        1.0548126669742577E-022   1.0548126669742597E-022
   547.00000000000000        8.5462062554274492E-023   8.5462062554274774E-023
   548.00000000000000        6.7421036175495155E-023   6.7421036175494696E-023
   549.00000000000000        5.1804765577755801E-023   5.1804765577755695E-023
   550.00000000000000        3.8781361668000317E-023   3.8781361668000364E-023
   551.00000000000000        2.8293121988053121E-023   2.8293121988053244E-023
   552.00000000000000        2.0121818359063977E-023   2.0121818359064047E-023
   553.00000000000000        1.3954195812389997E-023   1.3954195812389980E-023
   554.00000000000000        9.4387613005366657E-024   9.4387613005366319E-024
   555.00000000000000        6.2289929468697397E-024   6.2289929468697360E-024
   556.00000000000000        4.0117333525560702E-024   4.0117333525560804E-024
   557.00000000000000        2.5221743923478787E-024   2.5221743923478666E-024
   558.00000000000000        1.5483287295706772E-024   1.5483287295706693E-024
   559.00000000000000        9.2834874698130311E-025   9.2834874698126289E-025
   560.00000000000000        5.4379189886851204E-025   5.4379189886834673E-025
   561.00000000000000        3.1127220939290578E-025   3.1127220939228672E-025
   562.00000000000000        1.7415872165587109E-025   1.7415872165359045E-025
   563.00000000000000        9.5270271188804261E-026   9.5270271180657833E-026
   564.00000000000000        5.0966605594646989E-026   5.0966605566386326E-026
   565.00000000000000        2.6670909541551731E-026   2.6670909446276864E-026
   566.00000000000000        1.3655898140054138E-026   1.3655897827845866E-026
   567.00000000000000        6.8428724290041611E-027   6.8428714342799819E-027
   568.00000000000000        3.3565786341611271E-027   3.3565755518812167E-027
   569.00000000000000        1.6121298342692646E-027   1.6121205431100240E-027
   570.00000000000000        7.5833170719392844E-028   7.5830445456441317E-028
   571.00000000000000        3.4948782556143910E-028   3.4941002638195799E-028
   572.00000000000000        1.5796681245764932E-028   1.5775068446485608E-028
   573.00000000000000        7.0382670094070507E-029   6.9799666225082705E-029
   574.00000000000000        3.1810752102359212E-029   3.0306035292726579E-029
   575.00000000000000        1.6820991168615968E-029   1.3447114602173903E-029
   576.00000000000000        1.5249952460056289E-029   1.1221431536739132E-029
   577.00000000000000        2.6313059252859314E-029   2.4205196565595059E-029
   578.00000000000000        5.8278920611202365E-029   5.7399557333906742E-029
   579.00000000000000        1.3358140344015665E-028   1.3323282287557163E-028
   580.00000000000000        3.0184512429217313E-028   3.0171021418477415E-028
   581.00000000000000        6.6673757107947311E-028   6.6668635621251291E-028
   582.00000000000000        1.4378610237037964E-027   1.4378419353117375E-027
   583.00000000000000        3.0273496236193652E-027   3.0273426363442077E-027
   584.00000000000000        6.2240692650355343E-027   6.2240667525200137E-027
   585.00000000000000        1.2498257105562526E-026   1.2498256217874011E-026
   586.00000000000000        2.4518076353984221E-026   2.4518076045772119E-026
   587.00000000000000        4.6998435646020438E-026   4.6998435540833668E-026
   588.00000000000000        8.8051700654013744E-026   8.8051700618721535E-026
   589.00000000000000        1.6126708573047933E-025   1.6126708571883571E-025
   590.00000000000000        2.8880367694437205E-025   2.8880367694059393E-025
   591.00000000000000        5.0582825648315715E-025   5.0582825648195162E-025
   592.00000000000000        8.6664312812841184E-025   8.6664312812803348E-025
   593.00000000000000        1.4528035042155775E-024   1.4528035042154605E-024
   594.00000000000000        2.3833862808136494E-024   2.3833862808136138E-024
   595.00000000000000        3.8273102048268160E-024   3.8273102048268065E-024
   596.00000000000000        6.0171988001038208E-024   6.0171988001038164E-024
   597.00000000000000        9.2637202803654133E-024   9.2637202803654162E-024
   598.00000000000000        1.3968665226711557E-023   1.3968665226711563E-023
   599.00000000000000        2.0634309782005919E-023   2.0634309782005913E-023
   600.00000000000000        2.9865984921376707E-023   2.9865984921376713E-023
   601.00000000000000        4.2364398145668936E-023   4.2364398145668954E-023
   602.00000000000000        5.8904320329272971E-023   5.8904320329272960E-023
   603.00000000000000        8.0296929531270007E-023   8.0296929531270019E-023
   604.00000000000000        1.0733450512089313E-022   1.0733450512089308E-022
   605.00000000000000        1.4071828806700928E-022   1.4071828806700933E-022
   606.00000000000000        1.8097301528959734E-022   1.8097301528959736E-022
   607.00000000000000        2.2835458176946004E-022   2.2835458176946014E-022
   608.00000000000000        2.8276002439831450E-022   2.8276002439831455E-022
   609.00000000000000        3.4365101464127895E-022   3.4365101464127886E-022
   610.00000000000000        4.1000276488861798E-022   4.1000276488861802E-022
   611.00000000000000        4.8028929652956512E-022   4.8028929652956531E-022
   612.00000000000000        5.5251322539525902E-022   5.5251322539525902E-022
   613.00000000000000        6.2428374636883111E-022   6.2428374636883101E-022
   614.00000000000000        6.9294083181625605E-022   6.9294083181625596E-022
   615.00000000000000        7.5571756897913413E-022   7.5571756897913376E-022
   616.00000000000000        8.0992698447727356E-022   8.0992698447727356E-022
   617.00000000000000        8.5315557237330372E-022   8.5315557237330372E-022
   618.00000000000000        8.8344380689652694E-022   8.8344380689652713E-022
   619.00000000000000        8.9943459752322814E-022   8.9943459752322776E-022
   620.00000000000000        9.0047392059453012E-022   9.0047392059453031E-022
   621.00000000000000        8.8665328969454109E-022   8.8665328969454071E-022
   622.00000000000000        8.5879050033736910E-022   8.5879050033736873E-022
   623.00000000000000        8.1835218724036993E-022   8.1835218724036993E-022
   624.00000000000000        7.6732812494771851E-022   7.6732812494771898E-022
   625.00000000000000        7.0807200479531094E-022   7.0807200479531084E-022
   626.00000000000000        6.4312605615816497E-022   6.4312605615816516E-022
   627.00000000000000        5.7504715045814553E-022   5.7504715045814553E-022
   628.00000000000000        5.0625011559513667E-022   5.0625011559513639E-022
   629.00000000000000        4.3888039052181503E-022   4.3888039052181503E-022
   630.00000000000000        3.7472355266478474E-022   3.7472355266478441E-022
   631.00000000000000        3.1515439966275213E-022   3.1515439966275203E-022
   632.00000000000000        2.6112383522291238E-022   2.6112383522291223E-022
   633.00000000000000        2.1317830346042405E-022   2.1317830346042387E-022
   634.00000000000000        1.7150422499380483E-022   1.7150422499380488E-022
   635.00000000000000        1.3598887563446002E-022   1.3598887563445995E-022
   636.00000000000000        1.0628928851886187E-022   1.0628928851886185E-022
   637.00000000000000        8.1901794352916787E-023   8.1901794352916787E-023
   638.00000000000000        6.2226418389789314E-023   6.2226418389789325E-023
   639.00000000000000        4.6622200855841199E-023   4.6622200855841193E-023
   640.00000000000000        3.4451319773709310E-023   3.4451319773709316E-023
   641.00000000000000        2.5111466583243084E-023   2.5111466583243087E-023
   642.00000000000000        1.8057135636328916E-023   1.8057135636328916E-023
   643.00000000000000        1.2811297547347547E-023   1.2811297547347543E-023
   644.00000000000000        8.9693551520972890E-024   8.9693551520972934E-024
   645.00000000000000        6.1973925874360855E-024   6.1973925874360884E-024
   646.00000000000000        4.2266062960097121E-024   4.2266062960097099E-024
   647.00000000000000        2.8455379235019030E-024   2.8455379235019030E-024
   648.00000000000000        1.8913897743904430E-024   1.8913897743904434E-024
   649.00000000000000        1.2413537041120287E-024   1.2413537041120291E-024
   650.00000000000000        8.0456506337117179E-025   8.0456506337117216E-025
   651.00000000000000        5.1502781542514794E-025   5.1502781542514767E-025
   652.00000000000000        3.2565396168807612E-025   3.2565396168807621E-025
   653.00000000000000        2.0341829165955741E-025   2.0341829165955734E-025
   654.00000000000000        1.2554022473201188E-025   1.2554022473201181E-025
   655.00000000000000        7.6557173562233686E-026   7.6557173562233640E-026
   656.00000000000000        4.6136997281382764E-026   4.6136997281382787E-026
   657.00000000000000        2.7480402716061020E-026   2.7480402716061026E-026
   658.00000000000000        1.6179184018177390E-026   1.6179184018177390E-026
   659.00000000000000        9.4167026138109077E-027   9.4167026138109091E-027
   660.00000000000000        5.4187401436552832E-027   5.4187401436552811E-027
   661.00000000000000        3.0832098414918862E-027   3.0832098414918876E-027
   662.00000000000000        1.7348452713586678E-027   1.7348452713586682E-027
   663.00000000000000        9.6542488480889441E-028   9.6542488480889405E-028
   664.00000000000000        5.3140183447225466E-028   5.3140183447225493E-028
   665.00000000000000        2.8934816653950633E-028   2.8934816653950624E-028
   666.00000000000000        1.5586816599742970E-028   1.5586816599742970E-028
   667.00000000000000        8.3076573949523592E-029   8.3076573949523592E-029
   668.00000000000000        4.3815647226616050E-029   4.3815647226616056E-029
   669.00000000000000        2.2869359893362298E-029   2.2869359893362298E-029
   670.00000000000000        1.1814004308634747E-029   1.1814004308634747E-029
   671.00000000000000        6.0409102940948541E-030   6.0409102940948555E-030
   672.00000000000000        3.0578290321103402E-030   3.0578290321103402E-030
   673.00000000000000        1.5324015114504781E-030   1.5324015114504771E-030
   674.00000000000000        7.6036674774537748E-031   7.6036674774537756E-031
   675.00000000000000        3.7360016250176100E-031   3.7360016250176109E-031
   676.00000000000000        1.8178842628736677E-031   1.8178842628736673E-031
   677.00000000000000        8.7607662291337184E-032   8.7607662291337173E-032
   678.00000000000000        4.1819199791811649E-032   4.1819199791811644E-032
   679.00000000000000        1.9774604735028534E-032   1.9774604735028528E-032
   680.00000000000000        9.2635766978247808E-033   9.2635766978247808E-033
   681.00000000000000        4.2996029539537456E-033   4.2996029539537470E-033
   682.00000000000000        1.9774083517439340E-033   1.9774083517439323E-033
   683.00000000000000        9.0120164525586467E-034   9.0120164525586501E-034
   684.00000000000000        4.0704654357024489E-034   4.0704654357024455E-034
   685.00000000000000        1.8222215590521464E-034   1.8222215590521474E-034
   686.00000000000000        8.0859580625311646E-035   8.0859580625311678E-035
   687.00000000000000        3.5569095224538443E-035   3.5569095224538448E-035
   688.00000000000000        1.5511817034321951E-035   1.5511817034321943E-035
   689.00000000000000        6.7071528502857192E-036   6.7071528502857178E-036
   690.00000000000000        2.8756513207942583E-036   2.8756513207942583E-036
   691.00000000000000        1.2226248656728184E-036   1.2226248656728191E-036
   692.00000000000000        5.1551980479077783E-037   5.1551980479077808E-037
   693.00000000000000        2.1558991687841780E-037   2.1558991687841776E-037
   694.00000000000000        8.9428923455885406E-038   8.9428923455885343E-038
   695.00000000000000        3.6798423544788459E-038   3.6798423544788464E-038
   696.00000000000000        1.5021626103596311E-038   1.5021626103596311E-038
   697.00000000000000        6.0838116700718002E-039   6.0838116700718002E-039
   698.00000000000000        2.4447806557228109E-039   2.4447806557228109E-039
   699.00000000000000        9.7486236191011071E-040   9.7486236191011120E-040
   700.00000000000000        3.8576214105561752E-040   3.8576214105561735E-040
   701.00000000000000        1.5149633752996851E-040   1.5149633752996840E-040
   702.00000000000000        5.9050547412432952E-041   5.9050547412432921E-041
   703.00000000000000        2.2846397266795558E-041   2.2846397266795561E-041
   704.00000000000000        8.7743704886869774E-042   8.7743704886869800E-042
   705.00000000000000        3.3454212774246065E-042   3.3454212774246059E-042
   706.00000000000000        1.2663511017181738E-042   1.2663511017181735E-042
   707.00000000000000        4.7594580713432852E-043   4.7594580713432899E-043
   708.00000000000000        1.7762015103754640E-043   1.7762015103754632E-043
   709.00000000000000        6.5824769213549438E-044   6.5824769213549488E-044
   710.00000000000000        2.4225881159772672E-044   2.4225881159772682E-044
   711.00000000000000        8.8550989884633022E-045   8.8550989884633035E-045
   712.00000000000000        3.2148525693407439E-045   3.2148525693407446E-045
   713.00000000000000        1.1593443214725493E-045   1.1593443214725496E-045
   714.00000000000000        4.1531462251215388E-046   4.1531462251215404E-046
   715.00000000000000        1.4780353295530615E-046   1.4780353295530609E-046
   716.00000000000000        5.2259393157586681E-047   5.2259393157586672E-047
   717.00000000000000        1.8358819400881392E-047   1.8358819400881404E-047
   718.00000000000000        6.4084737112405940E-048   6.4084737112405928E-048
   719.00000000000000        2.2229122108769606E-048   2.2229122108769600E-048
   720.00000000000000        7.6625970603821610E-049   7.6625970603821594E-049
   721.00000000000000        2.6250858790473451E-049   2.6250858790473459E-049
   722.00000000000000        8.9382505435694715E-050   8.9382505435694677E-050
   723.00000000000000        3.0250349756973707E-050   3.0250349756973702E-050
   724.00000000000000        1.0176637165293036E-050   1.0176637165293037E-050
   725.00000000000000        3.4033067965250410E-051   3.4033067965250392E-051
   726.00000000000000        1.1314816133981000E-051   1.1314816133980997E-051
   727.00000000000000        3.7399855588572893E-052   3.7399855588572893E-052
   728.00000000000000        1.2291208214864532E-052   1.2291208214864530E-052
   729.00000000000000        4.0164967899145930E-053   4.0164967899145916E-053
   730.00000000000000        1.3051313270638077E-053   1.3051313270638065E-053
   731.00000000000000        4.2173579464713144E-054   4.2173579464713138E-054
   732.00000000000000        1.3552875996398423E-054   1.3552875996398417E-054
   733.00000000000000        4.3316393535562952E-055   4.3316393535562967E-055
   734.00000000000000        1.3769805096096383E-055   1.3769805096096374E-055
   735.00000000000000        4.3539416689079403E-056   4.3539416689079403E-056
   736.00000000000000        1.3694341356250272E-056   1.3694341356250274E-056
   737.00000000000000        4.2847711076893718E-057   4.2847711076893718E-057
   738.00000000000000        1.3337242044646658E-057   1.3337242044646655E-057
   739.00000000000000        4.1302862448042050E-058   4.1302862448042036E-058
   740.00000000000000        1.2726048017210995E-058   1.2726048017210995E-058
   741.00000000000000        3.9014821386321858E-059   3.9014821386321885E-059
   742.00000000000000        1.1901768921455612E-059   1.1901768921455614E-059
   743.00000000000000        3.6129520279266062E-060   3.6129520279266067E-060
   744.00000000000000        1.0914514724344136E-060   1.0914514724344128E-060
   745.00000000000000        3.2814121988136767E-061   3.2814121988136746E-061
   746.00000000000000        9.8186919940222891E-062   9.8186919940222874E-062
   747.00000000000000        2.9241870661698555E-062   2.9241870661698555E-062
   748.00000000000000        8.6683675262510507E-063   8.6683675262510507E-063
   749.00000000000000        2.5578314462710271E-063   2.5578314462710271E-063
   750.00000000000000        7.5132972613732657E-064   7.5132972613732603E-064
   751.00000000000000        2.1970233888718026E-064   2.1970233888718019E-064
   752.00000000000000        6.3959561393369564E-065   6.3959561393369556E-065
   753.00000000000000        1.8538048195724679E-065   1.8538048195724679E-065
   754.00000000000000        5.3497210025383700E-066   5.3497210025383679E-066
   755.00000000000000        1.5371899576744191E-066   1.5371899576744197E-066
   756.00000000000000        4.3981873576292636E-067   4.3981873576292643E-067
   757.00000000000000        1.2531123815332838E-067   1.2531123815332838E-067
   758.00000000000000        3.5554663651588598E-068   3.5554663651588573E-068
   759.00000000000000        1.0046467005391871E-068   1.0046467005391877E-068
   760.00000000000000        2.8272237977992198E-069   2.8272237977992188E-069
   761.00000000000000        7.9242229077195158E-070   7.9242229077195158E-070
   762.00000000000000        2.2121894313550076E-070   2.2121894313550076E-070
   763.00000000000000        6.1514340393131080E-071   6.1514340393131088E-071
   764.00000000000000        1.7038760079108020E-071   1.7038760079108022E-071
   765.00000000000000        4.7013883405895172E-072   4.7013883405895203E-072
   766.00000000000000        1.2922888198173417E-072   1.2922888198173425E-072
   767.00000000000000        3.5388080790679012E-073   3.5388080790679005E-073
   768.00000000000000        9.6546575431449917E-074   9.6546575431449948E-074
   769.00000000000000        2.6243242744736059E-074   2.6243242744736071E-074
   770.00000000000000        7.1075028756652127E-075   7.1075028756652127E-075
   771.00000000000000        1.9180217132782163E-075   1.9180217132782158E-075
   772.00000000000000        5.1575657720923677E-076   5.1575657720923652E-076
   773.00000000000000        1.3820014842040134E-076   1.3820014842040137E-076
   774.00000000000000        3.6903050631645533E-077   3.6903050631645540E-077
   775.00000000000000        9.8202704841828002E-078   9.8202704841827945E-078
   776.00000000000000        2.6044096679589567E-078   2.6044096679589572E-078
   777.00000000000000        6.8839374404900956E-079   6.8839374404900932E-079
   778.00000000000000        1.8135237635280262E-079   1.8135237635280253E-079
   779.00000000000000        4.7619531000340383E-080   4.7619531000340353E-080
   780.00000000000000        1.2463475595075497E-080   1.2463475595075491E-080
   781.00000000000000        3.2516360765704505E-081   3.2516360765704482E-081
   782.00000000000000        8.4564832064189902E-082   8.4564832064189902E-082
   783.00000000000000        2.1923958915201994E-082   2.1923958915201997E-082
   784.00000000000000        5.6663787584651430E-083   5.6663787584651430E-083
   785.00000000000000        1.4600429037934743E-083   1.4600429037934750E-083
   786.00000000000000        3.7507218457995120E-084   3.7507218457995125E-084
   787.00000000000000        9.6065846349195206E-085   9.6065846349195241E-085
   788.00000000000000        2.4532603623533032E-085   2.4532603623533018E-085
   789.00000000000000        6.2467506331354385E-086   6.2467506331354350E-086
   790.00000000000000        1.5860464053004859E-086   1.5860464053004863E-086
   791.00000000000000        4.0155400982631444E-087   4.0155400982631422E-087
   792.00000000000000        1.0138026805761440E-087   1.0138026805761443E-087
   793.00000000000000        2.5524615047022501E-088   2.5524615047022495E-088
   794.00000000000000        6.4087900403595311E-089   6.4087900403595353E-089
   795.00000000000000        1.6047915082182323E-089   1.6047915082182319E-089
   796.00000000000000        4.0077576470488975E-090   4.0077576470488958E-090
   797.00000000000000        9.9824915420954242E-091   9.9824915420954242E-091
   798.00000000000000        2.4799641287227644E-091   2.4799641287227644E-091
   799.00000000000000        6.1451849404413620E-092   6.1451849404413647E-092
   800.00000000000000        1.5188737200717138E-092   1.5188737200717143E-092
   801.00000000000000        3.7447208785635485E-093   3.7447208785635463E-093
   802.00000000000000        9.2096285465866799E-094   9.2096285465866745E-094
   803.00000000000000        2.2594531498165077E-094   2.2594531498165077E-094
   804.00000000000000        5.5298926706257713E-095   5.5298926706257693E-095
   805.00000000000000        1.3501923853013458E-095   1.3501923853013448E-095
   806.00000000000000        3.2889217316640173E-096   3.2889217316640169E-096
   807.00000000000000        7.9928853353442298E-097   7.9928853353442298E-097
   808.00000000000000        1.9380228944627132E-097   1.9380228944627137E-097
   809.00000000000000        4.6884847197367955E-098   4.6884847197367955E-098
   810.00000000000000        1.1317155486332336E-098   1.1317155486332338E-098
   811.00000000000000        2.7257500082714705E-099   2.7257500082714717E-099
   812.00000000000000        6.5507556545502134E-100   6.5507556545502093E-100
   813.00000000000000        1.5709631129303850E-100   1.5709631129303858E-100
   814.00000000000000        3.7594321194539083E-101   3.7594321194539089E-101
   815.00000000000000        8.9778539948598725E-102   8.9778539948598773E-102
   816.00000000000000        2.1395828761156582E-102   2.1395828761156590E-102
   817.00000000000000        5.0886680693204817E-103   5.0886680693204817E-103
   818.00000000000000        1.2078405740635639E-103   1.2078405740635641E-103
   819.00000000000000        2.8612613806703151E-104   2.8612613806703132E-104
   820.00000000000000        6.7648741792716926E-105   6.7648741792716972E-105
   821.00000000000000        1.5963493146375236E-105   1.5963493146375231E-105
   822.00000000000000        3.7598783892260544E-106   3.7598783892260563E-106
   823.00000000000000        8.8391168375049435E-107   8.8391168375049398E-107
   824.00000000000000        2.0741712420631284E-107   2.0741712420631287E-107
   825.00000000000000        4.8583897624223753E-108   4.8583897624223775E-108
   826.00000000000000        1.1359608516162115E-108   1.1359608516162122E-108
   827.00000000000000        2.6513606438053239E-109   2.6513606438053248E-109
   828.00000000000000        6.1775994134509308E-110   6.1775994134509332E-110
   829.00000000000000        1.4369020084116810E-110   1.4369020084116815E-110
   830.00000000000000        3.3365828521126303E-111   3.3365828521126296E-111
   831.00000000000000        7.7349020423612850E-112   7.7349020423612850E-112
   832.00000000000000        1.7901794375205713E-112   1.7901794375205722E-112
   833.00000000000000        4.1365450781959285E-113   4.1365450781959285E-113
   834.00000000000000        9.5430879965182124E-114   9.5430879965182168E-114
   835.00000000000000        2.1981660506399735E-114   2.1981660506399721E-114
   836.00000000000000        5.0554847808665863E-115   5.0554847808665863E-115
   837.00000000000000        1.1609302230609622E-115   1.1609302230609625E-115
   838.00000000000000        2.6619543045344518E-116   2.6619543045344507E-116
   839.00000000000000        6.0947560391115344E-117   6.0947560391115337E-117
   840.00000000000000        1.3934240662331655E-117   1.3934240662331648E-117
   841.00000000000000        3.1812035073541878E-118   3.1812035073541882E-118
   842.00000000000000        7.2525476989076098E-119   7.2525476989076109E-119
   843.00000000000000        1.6511650169373731E-119   1.6511650169373725E-119
   844.00000000000000        3.7540562296685703E-120   3.7540562296685738E-120
   845.00000000000000        8.5237570447893351E-121   8.5237570447893351E-121
   846.00000000000000        1.9328175026037179E-121   1.9328175026037173E-121
   847.00000000000000        4.3771311483377123E-122   4.3771311483377123E-122
   848.00000000000000        9.9000305663490609E-123   9.9000305663490609E-123
   849.00000000000000        2.2363565430193641E-123   2.2363565430193628E-123
   850.00000000000000        5.0455936800127847E-124   5.0455936800127855E-124
   851.00000000000000        1.1369970417917345E-124   1.1369970417917347E-124
   852.00000000000000        2.5591235926763410E-125   2.5591235926763426E-125
   853.00000000000000        5.7532998541569208E-126   5.7532998541569182E-126
   854.00000000000000        1.2919492785803104E-126   1.2919492785803097E-126
   855.00000000000000        2.8979135883073846E-127   2.8979135883073834E-127
   856.00000000000000        6.4930036291451183E-128   6.4930036291451224E-128
   857.00000000000000        1.4532313791776693E-128   1.4532313791776698E-128
   858.00000000000000        3.2490873128128329E-129   3.2490873128128317E-129
   859.00000000000000        7.2566137416641265E-130   7.2566137416641249E-130
   860.00000000000000        1.6190530677797039E-130   1.6190530677797029E-130
   861.00000000000000        3.6087017114904763E-131   3.6087017114904768E-131
   862.00000000000000        8.0354835020075209E-132   8.0354835020075246E-132
   863.00000000000000        1.7875261354820051E-132   1.7875261354820058E-132
   864.00000000000000        3.9726500333093503E-133   3.9726500333093496E-133
   865.00000000000000        8.8207158226974843E-134   8.8207158226974823E-134
   866.00000000000000        1.9567304078086307E-134   1.9567304078086292E-134
   867.00000000000000        4.3368036172890523E-135   4.3368036172890536E-135
   868.00000000000000        9.6034661358550516E-136   9.6034661358550532E-136
   869.00000000000000        2.1247780791526765E-136   2.1247780791526780E-136
   870.00000000000000        4.6971477276849086E-137   4.6971477276849086E-137
   871.00000000000000        1.0375227511962246E-137   1.0375227511962251E-137
   872.00000000000000        2.2898732042423911E-138   2.2898732042423908E-138
   873.00000000000000        5.0499049334387339E-139   5.0499049334387325E-139
   874.00000000000000        1.1128084935531509E-139   1.1128084935531506E-139
   875.00000000000000        2.4503637601655326E-140   2.4503637601655316E-140
   876.00000000000000        5.3916409681314044E-141   5.3916409681314067E-141
   877.00000000000000        1.1854928966928913E-141   1.1854928966928906E-141
   878.00000000000000        2.6047844257248840E-142   2.6047844257248840E-142
   879.00000000000000        5.7193496282506340E-143   5.7193496282506368E-143
   880.00000000000000        1.2549622565538214E-143   1.2549622565538216E-143
   881.00000000000000        2.7518889922506241E-144   2.7518889922506229E-144
   882.00000000000000        6.0305149123306408E-145   6.0305149123306422E-145
   883.00000000000000        1.3207118342399548E-145   1.3207118342399551E-145
   884.00000000000000        2.8906720553498517E-146   2.8906720553498508E-146
   885.00000000000000        6.3231501382033567E-147   6.3231501382033545E-147
   886.00000000000000        1.3823526686386300E-147   1.3823526686386300E-147
   887.00000000000000        3.0203802886112654E-148   3.0203802886112654E-148
   888.00000000000000        6.5958151006046034E-149   6.5958151006046026E-149
   889.00000000000000        1.4396137877662282E-149   1.4396137877662273E-149
   890.00000000000000        3.1405141330146391E-150   3.1405141330146402E-150
   891.00000000000000        6.8476133832729399E-151   6.8476133832729399E-151
   892.00000000000000        1.4923403355496904E-151   1.4923403355496906E-151
   893.00000000000000        3.2508211314098907E-152   3.2508211314098894E-152
   894.00000000000000        7.0781726905037029E-153   7.0781726905037072E-153
   895.00000000000000        1.5404882706983789E-153   1.5404882706983789E-153
   896.00000000000000        3.3512823925344044E-154   3.3512823925344038E-154
   897.00000000000000        7.2876115149539942E-155   7.2876115149539942E-155
   898.00000000000000        1.5841163712323854E-155   1.5841163712323854E-155
   899.00000000000000        3.4420937924085777E-156   3.4420937924085870E-156
   900.00000000000000        7.4764956372719810E-157   7.4764956372722864E-157
   901.00000000000000        1.6233762990215691E-157   1.6233762990224156E-157
   902.00000000000000        3.5236435299072594E-158   3.5236435299367390E-158
   903.00000000000000        7.6457879006846264E-159   7.6457878977848909E-159
   904.00000000000000        1.6585014531689164E-159   1.6585014377382540E-159
   905.00000000000000        3.5964875704008183E-160   3.5964870321556101E-160
   906.00000000000000        7.7967944708671961E-161   7.7968015263949710E-161
   907.00000000000000        1.6897952805033839E-161   1.6896522675960816E-161
   908.00000000000000        3.6613243611984873E-162   3.6693370133892495E-162
   909.00000000000000        7.9311104313263119E-163   8.2881874750498463E-163
