5 431          # first data record, number of data records
# XS_nm_spectr_s1_hgo_cas1612_vtzp_d05.txt
# without temperature correction
# E[nm] sigma(E)[cm2/molecule]
   170.00000000000000        3.1508993565042956E-018   8.2275641783017814E-019
   171.00000000000000        4.3133084862552247E-018   1.1037149667801615E-018
   172.00000000000000        3.4314993890477953E-018   7.2949241624436900E-019
   173.00000000000000        1.7817930556086703E-018   1.6508693501793235E-019
   174.00000000000000        1.3283938564695521E-018   1.4226489394689022E-019
   175.00000000000000        1.1589458302865538E-018   1.5841479633406512E-019
   176.00000000000000        1.3410572559256358E-018   2.0290727789997877E-019
   177.00000000000000        1.8852801171534033E-018   2.5605756317987103E-019
   178.00000000000000        2.2983707710176531E-018   2.3571904211377140E-019
   179.00000000000000        2.7385925807752814E-018   2.8689191161198839E-019
   180.00000000000000        2.3888958230177198E-018   3.1529910982665999E-019
   181.00000000000000        2.1092519827990917E-018   3.0829839507903508E-019
   182.00000000000000        2.4800645641145464E-018   3.6168421994820679E-019
   183.00000000000000        2.7290056629280206E-018   4.0936932730578503E-019
   184.00000000000000        1.6284302604178899E-018   2.8744749202457857E-019
   185.00000000000000        7.7014536574277423E-019   1.7550093508947705E-019
   186.00000000000000        6.6209024667618732E-019   1.8026590208302966E-019
   187.00000000000000        5.0311085098711028E-019   9.7599848380198241E-020
   188.00000000000000        5.9474655135185803E-019   1.2373628936347379E-019
   189.00000000000000        7.8980745504397856E-019   1.3727635868053135E-019
   190.00000000000000        5.4414196328208587E-019   1.0786682070563319E-019
   191.00000000000000        1.1696004800694605E-019   3.0699755110588735E-020
   192.00000000000000        1.7703929198121628E-020   8.1104860278238789E-021
   193.00000000000000        3.2291754544909784E-020   1.9770111529613676E-020
   194.00000000000000        7.8596910966471233E-020   4.1996984486176962E-020
   195.00000000000000        1.3189720096690280E-019   7.9671326820793027E-020
   196.00000000000000        6.7174090515177167E-020   4.2200951222577219E-020
   197.00000000000000        4.9535963255838303E-020   3.8670306557755512E-020
   198.00000000000000        9.8586386357893978E-020   7.0499738014495926E-020
   199.00000000000000        8.6529722749712089E-020   6.3297650830780762E-020
   200.00000000000000        8.2412992903824008E-020   4.6830246682850043E-020
   201.00000000000000        1.3355779085677808E-019   9.1716738882706565E-020
   202.00000000000000        8.7099775096835950E-020   4.9462463437907258E-020
   203.00000000000000        1.0988951298451235E-019   7.1669743735264956E-020
   204.00000000000000        1.4671193045858028E-019   9.0216673844262111E-020
   205.00000000000000        1.4293153503168850E-019   7.8113081459634490E-020
   206.00000000000000        1.4436374182763344E-019   9.7010556635482305E-020
   207.00000000000000        9.2721689512660373E-020   4.7057715874245050E-020
   208.00000000000000        1.7518479175716061E-019   9.5713784836706593E-020
   209.00000000000000        2.8448366726452571E-019   1.2787516762365770E-019
   210.00000000000000        3.6239157048139243E-019   1.2050542002607791E-019
   211.00000000000000        5.8694871497499520E-019   1.8010916747928618E-019
   212.00000000000000        7.0041055822096990E-019   1.9602487905435982E-019
   213.00000000000000        6.2098525550250413E-019   1.8342660757549684E-019
   214.00000000000000        5.2384768925577594E-019   1.5770847303565577E-019
   215.00000000000000        6.0101510220731750E-019   1.7498264921107840E-019
   216.00000000000000        8.0292007218195279E-019   2.1784848249865255E-019
   217.00000000000000        8.9255323633517467E-019   2.1956259537673223E-019
   218.00000000000000        9.6076670917277308E-019   2.3061755997510748E-019
   219.00000000000000        1.0625322168918887E-018   2.4282805266307139E-019
   220.00000000000000        1.0747148814774798E-018   2.5385977441699820E-019
   221.00000000000000        9.7754677594725671E-019   2.2107638753773451E-019
   222.00000000000000        1.0349800224843096E-018   2.5763211914876824E-019
   223.00000000000000        1.1056109875756577E-018   2.6968266194458739E-019
   224.00000000000000        1.2672254241862950E-018   2.8051660641566509E-019
   225.00000000000000        1.6316413034838397E-018   3.4944815611912702E-019
   226.00000000000000        1.8050374503760448E-018   3.4819467584403499E-019
   227.00000000000000        2.0520837116284635E-018   3.6861723314228244E-019
   228.00000000000000        2.5457343963978654E-018   4.0835247289298502E-019
   229.00000000000000        3.0751446490778921E-018   4.4183211690556272E-019
   230.00000000000000        3.5594825630853240E-018   5.3621734977543837E-019
   231.00000000000000        3.8511548071216578E-018   6.0799068878876788E-019
   232.00000000000000        4.1751898422442011E-018   6.0816735794690069E-019
   233.00000000000000        4.9704203613468862E-018   7.0809995162059436E-019
   234.00000000000000        5.7854084325613433E-018   7.9578486728292515E-019
   235.00000000000000        6.0867208920690192E-018   8.3423517444392670E-019
   236.00000000000000        6.2359789810468695E-018   8.4184465446333938E-019
   237.00000000000000        7.2207369562269381E-018   9.4494743789584632E-019
   238.00000000000000        9.2203237858400391E-018   1.1343806585071639E-018
   239.00000000000000        1.0539167433428205E-017   1.4069641787132722E-018
   240.00000000000000        8.9170734713954598E-018   1.4151344257169901E-018
   241.00000000000000        5.3941427071630193E-018   9.1379203101171219E-019
   242.00000000000000        3.2280204885889715E-018   7.0041737574666796E-019
   243.00000000000000        2.6538961834579888E-018   8.8528625741758493E-019
   244.00000000000000        2.1723942633612517E-018   7.8245335085884574E-019
   245.00000000000000        1.6288683484456075E-018   3.8860564109244699E-019
   246.00000000000000        1.5324652160360592E-018   2.1493315857377452E-019
   247.00000000000000        1.7239859781028182E-018   2.6413869250600007E-019
   248.00000000000000        1.7972388036181892E-018   2.9781166787995273E-019
   249.00000000000000        1.6515392021987016E-018   3.3645007104907285E-019
   250.00000000000000        1.4849729175942393E-018   3.5371773236717781E-019
   251.00000000000000        1.4583178445239096E-018   3.7919256622907631E-019
   252.00000000000000        1.5327889396372651E-018   4.0331103395254527E-019
   253.00000000000000        1.6663874526627528E-018   4.3224559982766371E-019
   254.00000000000000        1.9359810508934033E-018   4.3156076864470908E-019
   255.00000000000000        2.4820173769328045E-018   4.6748527799424849E-019
   256.00000000000000        3.2497069683915979E-018   5.7292948112203882E-019
   257.00000000000000        3.9073494124915663E-018   6.6103095673049004E-019
   258.00000000000000        4.3365694748029792E-018   6.5341083343509312E-019
   259.00000000000000        4.9106143222641196E-018   6.8087506354941815E-019
   260.00000000000000        5.7654052773740322E-018   7.7273681370603223E-019
   261.00000000000000        6.4898286980179476E-018   8.4126904391911351E-019
   262.00000000000000        6.7722313499743900E-018   8.8551817885514095E-019
   263.00000000000000        6.7922239377323559E-018   8.7916636081241092E-019
   264.00000000000000        7.0153800887487679E-018   9.0455199616474194E-019
   265.00000000000000        7.7884594452407938E-018   1.0085642787653966E-018
   266.00000000000000        8.9974600250189543E-018   1.1634726810550917E-018
   267.00000000000000        9.8164122353373147E-018   1.2975327072100868E-018
   268.00000000000000        9.3336595904931776E-018   1.3339008614859490E-018
   269.00000000000000        7.5385955996220505E-018   1.1894679823073990E-018
   270.00000000000000        5.3216723762468557E-018   9.0215373046018843E-019
   271.00000000000000        3.6448151745698505E-018   6.9125744084258865E-019
   272.00000000000000        2.7527415987162084E-018   6.3661536633101593E-019
   273.00000000000000        2.3259824084916391E-018   5.9637072540793602E-019
   274.00000000000000        2.1252563811269206E-018   5.9759482116504678E-019
   275.00000000000000        1.9893002088379781E-018   6.1376383440741720E-019
   276.00000000000000        1.7040617693088379E-018   5.3492315223209958E-019
   277.00000000000000        1.2210581857638507E-018   3.9303981595958317E-019
   278.00000000000000        7.0460935647006596E-019   2.4957156993706339E-019
   279.00000000000000        3.3816153815815231E-019   1.2574210253551570E-019
   280.00000000000000        1.8314251336223621E-019   5.5548649054615236E-020
   281.00000000000000        1.8099430912762295E-019   6.3250130960909893E-020
   282.00000000000000        2.2756708853639086E-019   8.5170056127672140E-020
   283.00000000000000        2.4341923369161690E-019   9.0348274282823962E-020
   284.00000000000000        2.0825595296273793E-019   8.3614537123980828E-020
   285.00000000000000        1.4492455090062767E-019   7.1520650218745285E-020
   286.00000000000000        8.3053493806239308E-020   5.1371476497570553E-020
   287.00000000000000        4.1727234980351180E-020   2.7840620597533123E-020
   288.00000000000000        2.8916790815241889E-020   1.5208252955696258E-020
   289.00000000000000        4.7984008043369419E-020   3.0571550577437323E-020
   290.00000000000000        1.1332551248995436E-019   7.1755962312817829E-020
   291.00000000000000        2.7940742642497424E-019   1.8601272407368015E-019
   292.00000000000000        6.5999299188103124E-019   4.6166111741396891E-019
   293.00000000000000        1.3710706824706669E-018   8.8948117083438335E-019
   294.00000000000000        2.4154531004656442E-018   1.3267615841067418E-018
   295.00000000000000        3.6561640804935438E-018   1.6749142070547702E-018
   296.00000000000000        4.9200702508782657E-018   1.9548414405735514E-018
   297.00000000000000        6.1411112540853434E-018   2.1590613092771681E-018
   298.00000000000000        7.4925708123661658E-018   2.2944790256424413E-018
   299.00000000000000        9.4217315717426227E-018   2.4515396830621676E-018
   300.00000000000000        1.2448487526501929E-017   2.7328816134763409E-018
   301.00000000000000        1.6732665363375609E-017   3.1714375484857071E-018
   302.00000000000000        2.1741871728090543E-017   3.6632204898740742E-018
   303.00000000000000        2.6538656097711910E-017   3.9670947404281144E-018
   304.00000000000000        3.0540773440515866E-017   4.0115788175371411E-018
   305.00000000000000        3.3717750270932836E-017   4.0524538933732736E-018
   306.00000000000000        3.5968777853695525E-017   4.2097629914016312E-018
   307.00000000000000        3.6884240841644145E-017   4.2907313925376595E-018
   308.00000000000000        3.6440398915644029E-017   4.1673326223918955E-018
   309.00000000000000        3.5492431902086067E-017   3.9579781264721949E-018
   310.00000000000000        3.5120190953720589E-017   3.9196692608502286E-018
   311.00000000000000        3.5489114986573055E-017   4.1195035352106695E-018
   312.00000000000000        3.5502587276743945E-017   4.3734280008898763E-018
   313.00000000000000        3.3596216527367713E-017   4.4851144579409402E-018
   314.00000000000000        2.8961941667598344E-017   4.2897544487731169E-018
   315.00000000000000        2.2237874007859798E-017   3.7152882596019207E-018
   316.00000000000000        1.5141525006587430E-017   2.8857341977540448E-018
   317.00000000000000        9.3646043513061955E-018   2.0847636278269560E-018
   318.00000000000000        5.6601164872434775E-018   1.5971063877089405E-018
   319.00000000000000        3.7503254577500542E-018   1.4852616098952652E-018
   320.00000000000000        2.8593379946183722E-018   1.5120062059563456E-018
   321.00000000000000        2.2932994417058798E-018   1.4508666553722481E-018
   322.00000000000000        1.7180054338586745E-018   1.2245102472447287E-018
   323.00000000000000        1.1221228955377065E-018   8.7387933367396098E-019
   324.00000000000000        6.2397929329917083E-019   5.1439029240375712E-019
   325.00000000000000        3.0165179736524490E-019   2.4748149884317469E-019
   326.00000000000000        1.4187310731479655E-019   1.0268939650052403E-019
   327.00000000000000        8.1033039128250664E-020   5.7319657804086603E-020
   328.00000000000000        5.9516266289967293E-020   5.1928377956673096E-020
   329.00000000000000        4.5414790097690305E-020   4.3710914700071439E-020
   330.00000000000000        3.0654424401117360E-020   3.0161520585851645E-020
   331.00000000000000        1.7819351095142741E-020   1.6987128390489827E-020
   332.00000000000000        1.0381696636188387E-020   8.1968207862067419E-021
   333.00000000000000        9.6209159294886521E-021   7.1888117614610453E-021
   334.00000000000000        1.5181089512059813E-020   1.3937074487696189E-020
   335.00000000000000        2.5534852431429157E-020   2.4110429517751486E-020
   336.00000000000000        3.7779370018284928E-020   3.4416701621238226E-020
   337.00000000000000        4.8338725009409679E-020   4.0931838383333452E-020
   338.00000000000000        5.4784253980788572E-020   4.1912176936031910E-020
   339.00000000000000        5.6758053964745085E-020   4.0149792518093685E-020
   340.00000000000000        5.4879045245631359E-020   3.9657651806555127E-020
   341.00000000000000        4.9431386618176202E-020   3.9233055885963310E-020
   342.00000000000000        4.0826466521682660E-020   3.5133231758958710E-020
   343.00000000000000        3.0976942743250900E-020   2.7008558184861698E-020
   344.00000000000000        2.3408613315474048E-020   1.7906800964228365E-020
   345.00000000000000        2.1712156987369382E-020   1.3024599391251579E-020
   346.00000000000000        2.7606352319526969E-020   1.7484652500080255E-020
   347.00000000000000        3.9682212914883347E-020   2.7352319802985084E-020
   348.00000000000000        5.3385611886466693E-020   3.7496669298484407E-020
   349.00000000000000        6.2723264072387541E-020   4.4068226978977455E-020
   350.00000000000000        6.3319633641873808E-020   4.4491669141699200E-020
   351.00000000000000        5.4914005614391115E-020   3.8687679131120589E-020
   352.00000000000000        4.1327879535378618E-020   2.9031576348879519E-020
   353.00000000000000        2.8043804723712239E-020   1.8895590166002451E-020
   354.00000000000000        1.9481822955938836E-020   1.1420282542245890E-020
   355.00000000000000        1.7701056891938178E-020   1.0324704477451442E-020
   356.00000000000000        2.2480543428668218E-020   1.5709328087033736E-020
   357.00000000000000        3.1819006659457578E-020   2.3364661332590843E-020
   358.00000000000000        4.2443042453239187E-020   3.0701638684523352E-020
   359.00000000000000        5.0654241003079670E-020   3.5767973380262866E-020
   360.00000000000000        5.3687524808278930E-020   3.7271505978726832E-020
   361.00000000000000        5.1009285854867601E-020   3.4918063368680948E-020
   362.00000000000000        4.4658248628417442E-020   2.9516957497535612E-020
   363.00000000000000        3.8247005815209866E-020   2.3120598992327145E-020
   364.00000000000000        3.5118389744635707E-020   1.9346326571875866E-020
   365.00000000000000        3.6668423820697719E-020   2.1313755300952863E-020
   366.00000000000000        4.1716195752181226E-020   2.6831345655062649E-020
   367.00000000000000        4.7207866930013032E-020   3.1958851287074493E-020
   368.00000000000000        4.9839294607918006E-020   3.4410388983749091E-020
   369.00000000000000        4.7707267689123909E-020   3.3349583362411062E-020
   370.00000000000000        4.1124855698942170E-020   2.9094472974879370E-020
   371.00000000000000        3.2287182056606587E-020   2.2821951040082029E-020
   372.00000000000000        2.4173965694468900E-020   1.6147044663810816E-020
   373.00000000000000        1.9394178759721832E-020   1.0989956108592020E-020
   374.00000000000000        1.9446630412462274E-020   1.0181400519958156E-020
   375.00000000000000        2.4445701214481238E-020   1.4425950804314183E-020
   376.00000000000000        3.3191786971611840E-020   2.0780432804518792E-020
   377.00000000000000        4.3568082227708110E-020   2.6915178436516638E-020
   378.00000000000000        5.3259033141856676E-020   3.1175596913695826E-020
   379.00000000000000        6.0538890786168084E-020   3.2828020603206737E-020
   380.00000000000000        6.4690553860149812E-020   3.2557392277542107E-020
   381.00000000000000        6.5862713218305083E-020   3.1946255284488507E-020
   382.00000000000000        6.4683099774199932E-020   3.1754543216212195E-020
   383.00000000000000        6.2115862085146783E-020   3.1093512006069978E-020
   384.00000000000000        5.9633760633617497E-020   2.8912714457856377E-020
   385.00000000000000        5.9254529088773665E-020   2.5737719103238827E-020
   386.00000000000000        6.3005814495108638E-020   2.4063912801220234E-020
   387.00000000000000        7.1952833749136996E-020   2.6298512111624450E-020
   388.00000000000000        8.5439553290219521E-020   3.1499850694001896E-020
   389.00000000000000        1.0112764804596802E-019   3.6946874361560809E-020
   390.00000000000000        1.1585267992794441E-019   4.0876191839669681E-020
   391.00000000000000        1.2678916129418898E-019   4.2862489882111518E-020
   392.00000000000000        1.3233455891171823E-019   4.3260884711560133E-020
   393.00000000000000        1.3242238339994044E-019   4.2468265174148307E-020
   394.00000000000000        1.2830032216054786E-019   4.0633326056612421E-020
   395.00000000000000        1.2194072601986112E-019   3.8069816347160233E-020
   396.00000000000000        1.1526964107217425E-019   3.5692220830811438E-020
   397.00000000000000        1.0945984710055220E-019   3.4593448423940916E-020
   398.00000000000000        1.0459306294030781E-019   3.4918126412515969E-020
   399.00000000000000        9.9886346303801082E-020   3.5583859093327940E-020
   400.00000000000000        9.4371320996653770E-020   3.5323071822689946E-020
   401.00000000000000        8.7626318991389000E-020   3.3593016270967531E-020
   402.00000000000000        8.0136389408490179E-020   3.0714074584599103E-020
   403.00000000000000        7.3118758030223923E-020   2.7595548137809866E-020
   404.00000000000000        6.7990073298797864E-020   2.5335318012572953E-020
   405.00000000000000        6.5822866063506148E-020   2.4659076805013111E-020
   406.00000000000000        6.7059871636171607E-020   2.5400681897807933E-020
   407.00000000000000        7.1532467382776968E-020   2.6775571457664390E-020
   408.00000000000000        7.8644688045534659E-020   2.8225606993609262E-020
   409.00000000000000        8.7553440782792056E-020   2.9771312930253233E-020
   410.00000000000000        9.7278028176787597E-020   3.1618005764076630E-020
   411.00000000000000        1.0678651712144348E-019   3.3610254456126048E-020
   412.00000000000000        1.1512603376839619E-019   3.5238085179925988E-020
   413.00000000000000        1.2159144812177340E-019   3.6103996374748656E-020
   414.00000000000000        1.2585677918530103E-019   3.6226385902572465E-020
   415.00000000000000        1.2800291706588909E-019   3.5906125547096627E-020
   416.00000000000000        1.2844446910724008E-019   3.5382295565467932E-020
   417.00000000000000        1.2780807255734907E-019   3.4682298432524375E-020
   418.00000000000000        1.2680223142815666E-019   3.3803445210049097E-020
   419.00000000000000        1.2608073138925022E-019   3.2946776305757388E-020
   420.00000000000000        1.2609760966897721E-019   3.2485562251471695E-020
   421.00000000000000        1.2698995709394723E-019   3.2669951444144199E-020
   422.00000000000000        1.2855524351337461E-019   3.3380227462577697E-020
   423.00000000000000        1.3036337833865928E-019   3.4196131678971358E-020
   424.00000000000000        1.3196783191543537E-019   3.4679952593915817E-020
   425.00000000000000        1.3311296689982465E-019   3.4617716098718927E-020
   426.00000000000000        1.3383074062898856E-019   3.4107161811011279E-020
   427.00000000000000        1.3438323196417526E-019   3.3484599678219553E-020
   428.00000000000000        1.3509219055897559E-019   3.3118822803169124E-020
   429.00000000000000        1.3614763086194856E-019   3.3191004072507990E-020
   430.00000000000000        1.3748105259578770E-019   3.3641223287262563E-020
   431.00000000000000        1.3874366597050537E-019   3.4305106833347332E-020
   432.00000000000000        1.3938262360279379E-019   3.5045996151604322E-020
   433.00000000000000        1.3878187690704680E-019   3.5737424111713760E-020
   434.00000000000000        1.3642715554671296E-019   3.6176031717495052E-020
   435.00000000000000        1.3205385707594667E-019   3.6092717378438438E-020
   436.00000000000000        1.2573807983702731E-019   3.5297051456111849E-020
   437.00000000000000        1.1790264561549300E-019   3.3830307482701953E-020
   438.00000000000000        1.0923754018103326E-019   3.1985671744442941E-020
   439.00000000000000        1.0056738425819705E-019   3.0152813282528394E-020
   440.00000000000000        9.2715275740511731E-020   2.8585810423972113E-020
   441.00000000000000        8.6399040347603023E-020   2.7301897687044477E-020
   442.00000000000000        8.2162790484206690E-020   2.6231508424730832E-020
   443.00000000000000        8.0321376549172722E-020   2.5472374444979598E-020
   444.00000000000000        8.0899477316363284E-020   2.5362848314875398E-020
   445.00000000000000        8.3577009890323586E-020   2.6223022418343840E-020
   446.00000000000000        8.7681477390087434E-020   2.7972860241921229E-020
   447.00000000000000        9.2267962425122017E-020   3.0076228134176415E-020
   448.00000000000000        9.6292627366879293E-020   3.1853837117442271E-020
   449.00000000000000        9.8836597080254725E-020   3.2804831014129292E-020
   450.00000000000000        9.9305951825781266E-020   3.2746071412347707E-020
   451.00000000000000        9.7540277465350134E-020   3.1792703408053065E-020
   452.00000000000000        9.3802093291834829E-020   3.0244131988039434E-020
   453.00000000000000        8.8668529269121167E-020   2.8439177452261244E-020
   454.00000000000000        8.2878941047713516E-020   2.6645526051792070E-020
   455.00000000000000        7.7195314007044888E-020   2.5024768008957989E-020
   456.00000000000000        7.2311281882170662E-020   2.3661108109027217E-020
   457.00000000000000        6.8815541062764335E-020   2.2605645051574315E-020
   458.00000000000000        6.7191203983002514E-020   2.1905446931607274E-020
   459.00000000000000        6.7822169025602124E-020   2.1623439703793526E-020
   460.00000000000000        7.0981508667011100E-020   2.1857139164804178E-020
   461.00000000000000        7.6791217208532388E-020   2.2734022434724587E-020
   462.00000000000000        8.5161347344088042E-020   2.4351494860109531E-020
   463.00000000000000        9.5732650137367282E-020   2.6677582976830964E-020
   464.00000000000000        1.0785364551884315E-019   2.9488261435649973E-020
   465.00000000000000        1.2061650193068239E-019   3.2397622231889975E-020
   466.00000000000000        1.3295738448574023E-019   3.4961390864323631E-020
   467.00000000000000        1.4380332321383480E-019   3.6798908345132590E-020
   468.00000000000000        1.5222979191758474E-019   3.7689840476260332E-020
   469.00000000000000        1.5758960957607043E-019   3.7619435559837510E-020
   470.00000000000000        1.5958597183336990E-019   3.6760449607723433E-020
   471.00000000000000        1.5828377985706990E-019   3.5396773297859336E-020
   472.00000000000000        1.5407301588317572E-019   3.3815150411046285E-020
   473.00000000000000        1.4760671028894713E-019   3.2211125359658234E-020
   474.00000000000000        1.3973177406033180E-019   3.0656461188651243E-020
   475.00000000000000        1.3141861962917622E-019   2.9143186575439271E-020
   476.00000000000000        1.2368375031475030E-019   2.7673611835240692E-020
   477.00000000000000        1.1749569435261699E-019   2.6346958334075338E-020
   478.00000000000000        1.1366119900234335E-019   2.5403272897510724E-020
   479.00000000000000        1.1270236853818967E-019   2.5187381908523818E-020
   480.00000000000000        1.1474973294006169E-019   2.6000061719977439E-020
   481.00000000000000        1.1948384154014791E-019   2.7894576198631941E-020
   482.00000000000000        1.2615396547527065E-019   3.0593754214418565E-020
   483.00000000000000        1.3368616832697737E-019   3.3597859774636975E-020
   484.00000000000000        1.4086850056433496E-019   3.6359008244069934E-020
   485.00000000000000        1.4657634939330850E-019   3.8413115876752698E-020
   486.00000000000000        1.4998517672446306E-019   3.9458091235780461E-020
   487.00000000000000        1.5071775035446110E-019   3.9395313200777883E-020
   488.00000000000000        1.4888977931089384E-019   3.8341669887597062E-020
   489.00000000000000        1.4504638804783033E-019   3.6610204387744239E-020
   490.00000000000000        1.4001226344889092E-019   3.4652029256898436E-020
   491.00000000000000        1.3470011696666661E-019   3.2950335461237473E-020
   492.00000000000000        1.2992851082150940E-019   3.1874563174271668E-020
   493.00000000000000        1.2629046653273346E-019   3.1554860825894821E-020
   494.00000000000000        1.2409382740516590E-019   3.1870219995756071E-020
   495.00000000000000        1.2337140594132177E-019   3.2564969088087741E-020
   496.00000000000000        1.2394127921367054E-019   3.3393464375514098E-020
   497.00000000000000        1.2548960583884897E-019   3.4199952904012048E-020
   498.00000000000000        1.2765017479094262E-019   3.4924925608588513E-020
   499.00000000000000        1.3006343046048909E-019   3.5574613450548839E-020
   500.00000000000000        1.3240853568968774E-019   3.6186246858375432E-020
   501.00000000000000        1.3441133297925355E-019   3.6802333553198924E-020
   502.00000000000000        1.3583671830015974E-019   3.7452491963666173E-020
   503.00000000000000        1.3647559234228285E-019   3.8138154688137561E-020
   504.00000000000000        1.3613505152582511E-019   3.8821281129805395E-020
   505.00000000000000        1.3463716525009739E-019   3.9423491369669472E-020
   506.00000000000000        1.3182783860972247E-019   3.9839122313371813E-020
   507.00000000000000        1.2759384078072805E-019   3.9957131675517187E-020
   508.00000000000000        1.2188367629321460E-019   3.9681466827405623E-020
   509.00000000000000        1.1472685633530180E-019   3.8942242614697274E-020
   510.00000000000000        1.0624630674325520E-019   3.7697588364783139E-020
   511.00000000000000        9.6659954975201041E-020   3.5931882459039884E-020
   512.00000000000000        8.6269653046505398E-020   3.3656406871873540E-020
   513.00000000000000        7.5438094998603169E-020   3.0914027785760297E-020
   514.00000000000000        6.4556790848991565E-020   2.7784376289819320E-020
   515.00000000000000        5.4009977396266361E-020   2.4383997359565565E-020
   516.00000000000000        4.4140181404523313E-020   2.0857970834091916E-020
   517.00000000000000        3.5220797471453259E-020   1.7363639929770504E-020
   518.00000000000000        2.7439569156376655E-020   1.4050617303291286E-020
   519.00000000000000        2.0894616624015864E-020   1.1042645872829406E-020
   520.00000000000000        1.5602181702627712E-020   8.4263766610183178E-021
   521.00000000000000        1.1513145681266953E-020   6.2513710354792156E-021
   522.00000000000000        8.5340713858749371E-021   4.5476206623794553E-021
   523.00000000000000        6.5482404298784913E-021   3.3728175693013327E-021
   524.00000000000000        5.4328420311603963E-021   2.8708762313705635E-021
   525.00000000000000        5.0698550534882237E-021   3.1474751290870313E-021
   526.00000000000000        5.3498773587752478E-021   4.0433419187345424E-021
   527.00000000000000        6.1698181127999443E-021   5.3432385727691014E-021
   528.00000000000000        7.4266651858998836E-021   6.9285563224141575E-021
   529.00000000000000        9.0102553708288017E-021   8.7210564649800852E-021
   530.00000000000000        1.0798006106483609E-020   1.0635378205479203E-020
   531.00000000000000        1.2653930151313575E-020   1.2565125963248891E-020
   532.00000000000000        1.4433090130008228E-020   1.4385925554596923E-020
   533.00000000000000        1.5991213497132945E-020   1.5966789966622397E-020
   534.00000000000000        1.7197811317192796E-020   1.7185374194018551E-020
   535.00000000000000        1.7950161791073545E-020   1.7943707886065847E-020
   536.00000000000000        1.8185182212466554E-020   1.8181301220293706E-020
   537.00000000000000        1.7886609303289620E-020   1.7883104569684619E-020
   538.00000000000000        1.7085929859490492E-020   1.7080859348280418E-020
   539.00000000000000        1.5856874875765543E-020   1.5847732825777627E-020
   540.00000000000000        1.4304648157407939E-020   1.4287460126949922E-020
   541.00000000000000        1.2552065036255974E-020   1.2520200521619837E-020
   542.00000000000000        1.0725207955960001E-020   1.0667746708704777E-020
   543.00000000000000        8.9410148351639972E-021   8.8405811542930929E-021
   544.00000000000000        7.2985203789498396E-021   7.1287328882582558E-021
   545.00000000000000        5.8744977501887217E-021   5.5978571648953685E-021
   546.00000000000000        4.7232583443453097E-021   4.2921813368393085E-021
   547.00000000000000        3.8795804521957610E-021   3.2481567730623911E-021
   548.00000000000000        3.3632869000719664E-021   2.5258038100811498E-021
   549.00000000000000        3.1839135423449818E-021   2.2404876013444392E-021
   550.00000000000000        3.3441601409203055E-021   2.4804314345224955E-021
   551.00000000000000        3.8412975090228307E-021   3.1728366620291541E-021
   552.00000000000000        4.6663039884333499E-021   4.1986480779123581E-021
   553.00000000000000        5.8011052797443116E-021   5.4928329675755311E-021
   554.00000000000000        7.2147919051631269E-021   7.0192422974678541E-021
   555.00000000000000        8.8600050159424226E-021   8.7388761149973564E-021
   556.00000000000000        1.0670756710490322E-020   1.0595840845100069E-020
   557.00000000000000        1.2562763401021643E-020   1.2513946898988585E-020
   558.00000000000000        1.4436942343383111E-020   1.4399375596312310E-020
   559.00000000000000        1.6186123061062510E-020   1.6147410512803930E-020
   560.00000000000000        1.7704369723046674E-020   1.7651893089314867E-020
   561.00000000000000        1.8897732139338550E-020   1.8815980507584620E-020
   562.00000000000000        1.9694868248852497E-020   1.9562609658314451E-020
   563.00000000000000        2.0055895722855736E-020   1.9843092955158879E-020
   564.00000000000000        1.9978056294784284E-020   1.9642590604717412E-020
   565.00000000000000        1.9497264199642960E-020   1.8981810236107373E-020
   566.00000000000000        1.8685252185706490E-020   1.7915105655437618E-020
   567.00000000000000        1.7642688887608460E-020   1.6526090567781174E-020
   568.00000000000000        1.6489191602616115E-020   1.4922871458312502E-020
   569.00000000000000        1.5351509693348678E-020   1.3235900900402322E-020
   570.00000000000000        1.4351273573541747E-020   1.1621556240800941E-020
   571.00000000000000        1.3593615644328053E-020   1.0270683187893776E-020
   572.00000000000000        1.3157734158676402E-020   9.4051825089429530E-021
   573.00000000000000        1.3090163244856816E-020   9.2203202267119286E-021
   574.00000000000000        1.3401195378152504E-020   9.7707780529437489E-021
   575.00000000000000        1.4064613417336403E-020   1.0929593505741480E-020
   576.00000000000000        1.5020636746548155E-020   1.2482569268498202E-020
   577.00000000000000        1.6181760326806908E-020   1.4224836195079184E-020
   578.00000000000000        1.7440953706103521E-020   1.5988452132766071E-020
   579.00000000000000        1.8681487582614376E-020   1.7636595192075524E-020
   580.00000000000000        1.9787485014298193E-020   1.9055894680412618E-020
   581.00000000000000        2.0654185210960452E-020   2.0154312262447753E-020
   582.00000000000000        2.1196897174148986E-020   2.0863014846295632E-020
   583.00000000000000        2.1357735290675904E-020   2.1139478033939816E-020
   584.00000000000000        2.1109473280046841E-020   2.0969729543784373E-020
   585.00000000000000        2.0456201334686472E-020   2.0368514100239691E-020
   586.00000000000000        1.9430872250317945E-020   1.9376924552404553E-020
   587.00000000000000        1.8090209046062241E-020   1.8057655664215630E-020
   588.00000000000000        1.6507752913257069E-020   1.6488480518678563E-020
   589.00000000000000        1.4766006492101358E-020   1.4754809393751000E-020
   590.00000000000000        1.2948650869132486E-020   1.2942265161774811E-020
   591.00000000000000        1.1133693492976575E-020   1.1130117944108150E-020
   592.00000000000000        9.3881731676887605E-021   9.3862071006799048E-021
   593.00000000000000        7.7647586890948002E-021   7.7636968367336298E-021
   594.00000000000000        6.3002847521560449E-021   6.2997213402173287E-021
   595.00000000000000        5.0160198954014983E-021   5.0157261520696011E-021
   596.00000000000000        3.9192879536303865E-021   3.9191374411487563E-021
   597.00000000000000        3.0059790755677722E-021   3.0059032665716379E-021
   598.00000000000000        2.2634834131140045E-021   2.2634458732406790E-021
   599.00000000000000        1.6736418016414898E-021   1.6736235219950943E-021
   600.00000000000000        1.2154083318751007E-021   1.2153995775254454E-021
