5 431          # first data record, number of data records
# XS_nm_spectr_hgbroi_cas1612_vtzp_d10.txt
# without temperature correction
# E[nm] sigma(E)[cm2/molecule]
   170.00000000000000        1.9338314445654218E-017   4.0002238410730902E-018
   171.00000000000000        1.8036824464843160E-017   3.7150895399534491E-018
   172.00000000000000        1.3792832229844839E-017   2.8325387434171492E-018
   173.00000000000000        1.0253805520402012E-017   1.8223916877754555E-018
   174.00000000000000        9.2793634761558797E-018   1.2416445972155406E-018
   175.00000000000000        1.0791414261028345E-017   1.3235490859878644E-018
   176.00000000000000        1.4074939196153805E-017   1.5686777349185405E-018
   177.00000000000000        1.8265355041436269E-017   2.1333569829085130E-018
   178.00000000000000        2.2274694146843968E-017   2.8850885998524287E-018
   179.00000000000000        2.5375613183098003E-017   3.3738725587079485E-018
   180.00000000000000        2.7472650777023052E-017   3.4782152598089534E-018
   181.00000000000000        2.8371986131266917E-017   3.3966470571530907E-018
   182.00000000000000        2.8568180913864774E-017   3.4500069061751155E-018
   183.00000000000000        2.9491991353188404E-017   4.6288288460903855E-018
   184.00000000000000        3.0125592558958115E-017   5.6395681380987264E-018
   185.00000000000000        2.8373609381601012E-017   4.6671596257441192E-018
   186.00000000000000        2.5642550696651144E-017   2.8782538200233443E-018
   187.00000000000000        2.4219434806365033E-017   1.9426746509357613E-018
   188.00000000000000        2.3996218954335579E-017   1.6755737405925046E-018
   189.00000000000000        2.4290733371126544E-017   1.5336101455591030E-018
   190.00000000000000        2.5375776519959518E-017   1.4569680077426895E-018
   191.00000000000000        2.7272671666039190E-017   1.5608889110961426E-018
   192.00000000000000        2.8724028270620620E-017   1.7301108918922776E-018
   193.00000000000000        2.8465230213538724E-017   1.7649165299107091E-018
   194.00000000000000        2.6662488216557795E-017   1.6747490013736963E-018
   195.00000000000000        2.4463866466225453E-017   1.5005188350026571E-018
   196.00000000000000        2.3042006436084143E-017   1.2961386835625759E-018
   197.00000000000000        2.2976035800158483E-017   1.1985387766998357E-018
   198.00000000000000        2.3743505812284403E-017   1.3556894520627266E-018
   199.00000000000000        2.3988876165457618E-017   1.5441363814696425E-018
   200.00000000000000        2.2811354046940964E-017   1.5617956174686712E-018
   201.00000000000000        2.0617259825402297E-017   1.5535367910343867E-018
   202.00000000000000        1.8358125263086757E-017   1.7038852623387731E-018
   203.00000000000000        1.6443255677275006E-017   1.8319204901548055E-018
   204.00000000000000        1.4860826377214377E-017   1.8095648339505185E-018
   205.00000000000000        1.3783631193576235E-017   1.6875527256333040E-018
   206.00000000000000        1.3626219064316830E-017   1.4588825730329058E-018
   207.00000000000000        1.4676088062720816E-017   1.2173957199119637E-018
   208.00000000000000        1.6724448740777810E-017   1.0907594094331759E-018
   209.00000000000000        1.9044350886774000E-017   1.0912806814184186E-018
   210.00000000000000        2.0743031239156212E-017   1.2059952645531128E-018
   211.00000000000000        2.1198507715880229E-017   1.3993526817520842E-018
   212.00000000000000        2.0344287056744009E-017   1.5536618013552906E-018
   213.00000000000000        1.8646926792355696E-017   1.5039022066708832E-018
   214.00000000000000        1.6805309434140424E-017   1.2650248307930961E-018
   215.00000000000000        1.5400102566702184E-017   1.0878135190550581E-018
   216.00000000000000        1.4676173174258158E-017   1.1251753103055059E-018
   217.00000000000000        1.4550732657442226E-017   1.1946174123128801E-018
   218.00000000000000        1.4849279632710024E-017   1.1566768417497768E-018
   219.00000000000000        1.5563355113725855E-017   1.0896242874595784E-018
   220.00000000000000        1.6812082043665614E-017   1.1568347907440301E-018
   221.00000000000000        1.8509128840189466E-017   1.3791837576664692E-018
   222.00000000000000        2.0178741601422848E-017   1.6363385050259769E-018
   223.00000000000000        2.1226372986678610E-017   1.7906579487997619E-018
   224.00000000000000        2.1374314521247397E-017   1.7880740480284855E-018
   225.00000000000000        2.0768250267843971E-017   1.7258993240838125E-018
   226.00000000000000        1.9735509016967592E-017   1.6917054083604005E-018
   227.00000000000000        1.8593393426318879E-017   1.6398737592189715E-018
   228.00000000000000        1.7654265485429934E-017   1.5555480017495074E-018
   229.00000000000000        1.7188947873135954E-017   1.5246965568633596E-018
   230.00000000000000        1.7251397547106349E-017   1.6046786156748686E-018
   231.00000000000000        1.7584367328819458E-017   1.7518167312979045E-018
   232.00000000000000        1.7766054328787904E-017   1.8854911807088236E-018
   233.00000000000000        1.7481973235157031E-017   1.9214464066409362E-018
   234.00000000000000        1.6705165352357702E-017   1.8221885103079954E-018
   235.00000000000000        1.5675466743344596E-017   1.6546026691420305E-018
   236.00000000000000        1.4725714193433943E-017   1.5225386608180468E-018
   237.00000000000000        1.4092801599276217E-017   1.4568869829876999E-018
   238.00000000000000        1.3821804383839964E-017   1.4376337204671068E-018
   239.00000000000000        1.3778473700942818E-017   1.4544888054762989E-018
   240.00000000000000        1.3734850188420514E-017   1.4844215489929201E-018
   241.00000000000000        1.3484870486530757E-017   1.4824112686145333E-018
   242.00000000000000        1.2931658456138999E-017   1.4237675997028157E-018
   243.00000000000000        1.2098357791512519E-017   1.3220568652306754E-018
   244.00000000000000        1.1080761125415773E-017   1.2095781379176046E-018
   245.00000000000000        1.0006849199317082E-017   1.1083244298067219E-018
   246.00000000000000        9.0284999774197989E-018   1.0171485238504414E-018
   247.00000000000000        8.3055356586920913E-018   9.3142827497098442E-019
   248.00000000000000        7.9481474680969235E-018   8.7182949151174120E-019
   249.00000000000000        7.9487748398903042E-018   8.7484851061172259E-019
   250.00000000000000        8.1669699173635913E-018   9.4087283001349905E-019
   251.00000000000000        8.3910903960922531E-018   1.0207342946105974E-018
   252.00000000000000        8.4388333814144104E-018   1.0575234729220230E-018
   253.00000000000000        8.2339296489946945E-018   1.0234077545956178E-018
   254.00000000000000        7.8179965336168812E-018   9.3760196123319565E-019
   255.00000000000000        7.3007439241096689E-018   8.5337700022532695E-019
   256.00000000000000        6.7886767877570077E-018   8.0647309197340088E-019
   257.00000000000000        6.3375987829274998E-018   7.8081820826587557E-019
   258.00000000000000        5.9470703640472281E-018   7.4519466284856142E-019
   259.00000000000000        5.5838140572722427E-018   6.9280644058481132E-019
   260.00000000000000        5.2113120839434859E-018   6.3440322294894616E-019
   261.00000000000000        4.8112160883470328E-018   5.7604326554384954E-019
   262.00000000000000        4.3916136983732011E-018   5.1239716640225443E-019
   263.00000000000000        3.9816067435287751E-018   4.3678500463196259E-019
   264.00000000000000        3.6156732030291520E-018   3.5197577210681020E-019
   265.00000000000000        3.3164026190103852E-018   2.7159225142097306E-019
   266.00000000000000        3.0856192597604884E-018   2.1231872749865712E-019
   267.00000000000000        2.9083300691272792E-018   1.8107039816875101E-019
   268.00000000000000        2.7649297678225271E-018   1.7052549366351327E-019
   269.00000000000000        2.6420437465088811E-018   1.7425177460620470E-019
   270.00000000000000        2.5352488148781525E-018   1.9488064003174579E-019
   271.00000000000000        2.4444798673087479E-018   2.3065053355965876E-019
   272.00000000000000        2.3682099240859009E-018   2.6774047378267533E-019
   273.00000000000000        2.3015247094494371E-018   2.8947031177044563E-019
   274.00000000000000        2.2383064566562503E-018   2.8619242910366329E-019
   275.00000000000000        2.1741872472612972E-018   2.5913463829407342E-019
   276.00000000000000        2.1074267777635583E-018   2.1869240567730623E-019
   277.00000000000000        2.0376612566934547E-018   1.7885302605533968E-019
   278.00000000000000        1.9642986859945901E-018   1.5025541790442770E-019
   279.00000000000000        1.8859717127526587E-018   1.3516863820066585E-019
   280.00000000000000        1.8011030790152134E-018   1.2896615353658713E-019
   281.00000000000000        1.7088410051197675E-018   1.2637248040252724E-019
   282.00000000000000        1.6097298272854919E-018   1.2446540179326751E-019
   283.00000000000000        1.5059140899485739E-018   1.2189581101672522E-019
   284.00000000000000        1.4009201948973722E-018   1.1793309108620836E-019
   285.00000000000000        1.2990887284299671E-018   1.1243139160594063E-019
   286.00000000000000        1.2047434471833914E-018   1.0609473216143986E-019
   287.00000000000000        1.1212792993252754E-018   1.0032430686934930E-019
   288.00000000000000        1.0504527482279899E-018   9.6456757769675803E-020
   289.00000000000000        9.9213119863085760E-019   9.4891446100922259E-020
   290.00000000000000        9.4457480740789557E-019   9.4944463646424967E-020
   291.00000000000000        9.0509595928924980E-019   9.5529846807371537E-020
   292.00000000000000        8.7081763719092690E-019   9.5845404723031218E-020
   293.00000000000000        8.3928190826649763E-019   9.5528446866983103E-020
   294.00000000000000        8.0877886985302088E-019   9.4487305552307046E-020
   295.00000000000000        7.7838871686433182E-019   9.2760008526504220E-020
   296.00000000000000        7.4781800231082999E-019   9.0454519678054090E-020
   297.00000000000000        7.1715710486775958E-019   8.7652122413685897E-020
   298.00000000000000        6.8667363247021083E-019   8.4308079880905489E-020
   299.00000000000000        6.5668516434936637E-019   8.0323372483108653E-020
   300.00000000000000        6.2747424869739640E-019   7.5781942159339994E-020
   301.00000000000000        5.9918936223785473E-019   7.1095093860390056E-020
   302.00000000000000        5.7173265426699358E-019   6.6845519297334392E-020
   303.00000000000000        5.4470444110700392E-019   6.3430517268041196E-020
   304.00000000000000        5.1747760972573309E-019   6.0836064756700228E-020
   305.00000000000000        4.8940184568932641E-019   5.8743196110398813E-020
   306.00000000000000        4.6005176057401110E-019   5.6795582597683226E-020
   307.00000000000000        4.2940542929300584E-019   5.4742721917098534E-020
   308.00000000000000        3.9788456741556028E-019   5.2411721764162434E-020
   309.00000000000000        3.6626110558279470E-019   4.9659468672159327E-020
   310.00000000000000        3.3548502529566417E-019   4.6413730851842065E-020
   311.00000000000000        3.0649622675238421E-019   4.2765011062618277E-020
   312.00000000000000        2.8006515344674635E-019   3.9007513864997746E-020
   313.00000000000000        2.5668720432257402E-019   3.5570862224320951E-020
   314.00000000000000        2.3654410848057947E-019   3.2854615561237278E-020
   315.00000000000000        2.1953526298726485E-019   3.1045517906234468E-020
   316.00000000000000        2.0536591875953474E-019   3.0053393428941308E-020
   317.00000000000000        1.9365959081547972E-019   2.9642095679798216E-020
   318.00000000000000        1.8405093375974818E-019   2.9646900485124752E-020
   319.00000000000000        1.7622317177817262E-019   3.0088335806781936E-020
   320.00000000000000        1.6988073676354347E-019   3.1092931712810343E-020
   321.00000000000000        1.6468053320249646E-019   3.2686798720883688E-020
   322.00000000000000        1.6016689180856682E-019   3.4644645087107239E-020
   323.00000000000000        1.5575425952599640E-019   3.6528124214687867E-020
   324.00000000000000        1.5077890727935514E-019   3.7857066803228756E-020
   325.00000000000000        1.4460863515419883E-019   3.8271506838124942E-020
   326.00000000000000        1.3677362120204813E-019   3.7609385220256680E-020
   327.00000000000000        1.2707322247121860E-019   3.5902433100067847E-020
   328.00000000000000        1.1562397063440933E-019   3.3323520981096802E-020
   329.00000000000000        1.0283596019993962E-019   3.0120484004311409E-020
   330.00000000000000        8.9327832257885937E-020   2.6561090021382409E-020
   331.00000000000000        7.5806396662057955E-020   2.2899662273957409E-020
   332.00000000000000        6.2942342518785560E-020   1.9363533420004188E-020
   333.00000000000000        5.1269597805279615E-020   1.6149543431289332E-020
   334.00000000000000        4.1126071686017457E-020   1.3416763260563628E-020
   335.00000000000000        3.2641384492734662E-020   1.1262502180231052E-020
   336.00000000000000        2.5765805045413551E-020   9.6832842096040586E-021
   337.00000000000000        2.0326290260108198E-020   8.5563336860163451E-021
   338.00000000000000        1.6091760834786515E-020   7.6860036054144359E-021
   339.00000000000000        1.2830939664398418E-020   6.8941472134592218E-021
   340.00000000000000        1.0351281868274331E-020   6.0846237124784137E-021
   341.00000000000000        8.5147044531329400E-021   5.2582700663778582E-021
   342.00000000000000        7.2326162638770730E-021   4.5061068004695276E-021
   343.00000000000000        6.4473485463551975E-021   4.0003110599437686E-021
   344.00000000000000        6.1087795336748651E-021   3.9363170493236145E-021
   345.00000000000000        6.1540727582657350E-021   4.3711129032616042E-021
   346.00000000000000        6.4959406368557007E-021   5.1587260011538488E-021
   347.00000000000000        7.0217027314764117E-021   6.0902388105298594E-021
   348.00000000000000        7.6023971070435451E-021   6.9903223082870347E-021
   349.00000000000000        8.1088211407199978E-021   7.7257252785104421E-021
   350.00000000000000        8.4299510115941785E-021   8.2002956931131185E-021
   351.00000000000000        8.4889213805483256E-021   8.3566125457380953E-021
   352.00000000000000        8.2526643423043349E-021   8.1791809276129811E-021
   353.00000000000000        7.7331648273973722E-021   7.6935464065888842E-021
   354.00000000000000        6.9805660767688563E-021   6.9592514985556282E-021
   355.00000000000000        6.0703921369764115E-021   6.0576316828044528E-021
   356.00000000000000        5.0883774091030605E-021   5.0772641421157758E-021
   357.00000000000000        4.1165416761387832E-021   4.1003499272924027E-021
   358.00000000000000        3.2233353116932306E-021   3.1926802111678175E-021
   359.00000000000000        2.4593038552847443E-021   2.3986774980480214E-021
   360.00000000000000        1.8582775697837864E-021   1.7422971884220068E-021
   361.00000000000000        1.4429711497502378E-021   1.2365987126681373E-021
   362.00000000000000        1.2332595338762892E-021   9.1442333052002254E-022
   363.00000000000000        1.2552485447805534E-021   8.7941793467905211E-022
   364.00000000000000        1.5494401951081517E-021   1.2160425124805942E-021
   365.00000000000000        2.1766613776609903E-021   1.8966851351563301E-021
   366.00000000000000        3.2209238522753636E-021   2.9344486734565545E-021
   367.00000000000000        4.7890463568291905E-021   4.3957757350873631E-021
   368.00000000000000        7.0077577927557023E-021   6.3565740754128438E-021
   369.00000000000000        1.0020104225824003E-020   8.8751416876109673E-021
   370.00000000000000        1.3984137552287551E-020   1.1972825358150639E-020
   371.00000000000000        1.9077731534810545E-020   1.5619483189914627E-020
   372.00000000000000        2.5513509240342641E-020   1.9726648255985768E-020
   373.00000000000000        3.3566876981954056E-020   2.4152785608248186E-020
   374.00000000000000        4.3617866084691884E-020   2.8724368951752692E-020
   375.00000000000000        5.6204059809520745E-020   3.3274387145863185E-020
   376.00000000000000        7.2077883269189735E-020   3.7696485279636782E-020
   377.00000000000000        9.2257796107768338E-020   4.2007841249736076E-020
   378.00000000000000        1.1806037719747132E-019   4.6405929996471410E-020
   379.00000000000000        1.5109972211724091E-019   5.1293477588285684E-020
   380.00000000000000        1.9324247334352880E-019   5.7239778795051530E-020
   381.00000000000000        2.4651125330725110E-019   6.4865026749112038E-020
   382.00000000000000        3.1293593886217796E-019   7.4685445930424804E-020
   383.00000000000000        3.9436038382177978E-019   8.6994620940272325E-020
   384.00000000000000        4.9222080502961917E-019   1.0182386710215650E-019
   385.00000000000000        6.0731975905548747E-019   1.1895860124641585E-019
   386.00000000000000        7.3962495102163911E-019   1.3796712400083833E-019
   387.00000000000000        8.8812358891345884E-019   1.5822406221090961E-019
   388.00000000000000        1.0507595604163786E-018   1.7893685810168452E-019
   389.00000000000000        1.2244720522450014E-018   1.9918967645579407E-019
   390.00000000000000        1.4053410927920188E-018   2.1801128996719621E-019
   391.00000000000000        1.5888297491008718E-018   2.3446250117658926E-019
   392.00000000000000        1.7700971207573635E-018   2.4773074221611416E-019
   393.00000000000000        1.9443439764581090E-018   2.5721688156430116E-019
   394.00000000000000        2.1071466259992117E-018   2.6260162238987124E-019
   395.00000000000000        2.2547360577819564E-018   2.6388433498918469E-019
   396.00000000000000        2.3841885408698129E-018   2.6139309346334773E-019
   397.00000000000000        2.4935091196793083E-018   2.5576841278610254E-019
   398.00000000000000        2.5816076714052394E-018   2.4792277364885814E-019
   399.00000000000000        2.6481847311605402E-018   2.3897319546934734E-019
   400.00000000000000        2.6935576064269650E-018   2.3013760985302813E-019
   401.00000000000000        2.7184639217121727E-018   2.2258516745748608E-019
   402.00000000000000        2.7238787545921070E-018   2.1724732487505458E-019
   403.00000000000000        2.7108737525369240E-018   2.1463397270889937E-019
   404.00000000000000        2.6805342729502367E-018   2.1473123672526023E-019
   405.00000000000000        2.6339366687761029E-018   2.1703838004768152E-019
   406.00000000000000        2.5721753729652638E-018   2.2072653508400036E-019
   407.00000000000000        2.4964207723019802E-018   2.2483898229107780E-019
   408.00000000000000        2.4079852426804043E-018   2.2845652314611013E-019
   409.00000000000000        2.3083761434099103E-018   2.3079891320426351E-019
   410.00000000000000        2.1993199879070317E-018   2.3127258868779244E-019
   411.00000000000000        2.0827497261816728E-018   2.2948676858924947E-019
   412.00000000000000        1.9607552266353924E-018   2.2525431855073660E-019
   413.00000000000000        1.8355040207370227E-018   2.1858417451970581E-019
   414.00000000000000        1.7091440954093056E-018   2.0966555964273370E-019
   415.00000000000000        1.5837025380758182E-018   1.9884202092976493E-019
   416.00000000000000        1.4609932894923726E-018   1.8657430400877094E-019
   417.00000000000000        1.3425446912189919E-018   1.7339353912339053E-019
   418.00000000000000        1.2295537019627718E-018   1.5984870292436277E-019
   419.00000000000000        1.1228694108663834E-018   1.4645403757082538E-019
   420.00000000000000        1.0230045023089084E-018   1.3364280538423016E-019
   421.00000000000000        9.3017014263806299E-019   1.2173347189048505E-019
   422.00000000000000        8.4432766013423798E-019   1.1091311673894007E-019
   423.00000000000000        7.6524945989076005E-019   1.0124035340014491E-019
   424.00000000000000        6.9258176538705910E-019   9.2666264632879937E-020
   425.00000000000000        6.2590279514646703E-019   8.5067684005547416E-020
   426.00000000000000        5.6477158379257542E-019   7.8284396191206712E-020
   427.00000000000000        5.0876454111318863E-019   7.2152079866885114E-020
   428.00000000000000        4.5749873203891071E-019   6.6525921667780038E-020
   429.00000000000000        4.1064252844821932E-019   6.1293877736298221E-020
   430.00000000000000        3.6791557313227310E-019   5.6381477882589931E-020
   431.00000000000000        3.2908082397749695E-019   5.1751031469782959E-020
   432.00000000000000        2.9393179894694807E-019   4.7397564025996635E-020
   433.00000000000000        2.6227806424349490E-019   4.3342707893528412E-020
   434.00000000000000        2.3393158574735553E-019   3.9626787691234987E-020
   435.00000000000000        2.0869590874790169E-019   3.6298821300860422E-020
   436.00000000000000        1.8635936214981453E-019   3.3404283049536308E-020
   437.00000000000000        1.6669271256223711E-019   3.0971437416123914E-020
   438.00000000000000        1.4945101395295323E-019   2.8998798727368127E-020
   439.00000000000000        1.3437887620601470E-019   2.7447866490726095E-020
   440.00000000000000        1.2121804705791224E-019   2.6244861017347514E-020
   441.00000000000000        1.0971607281408797E-019   2.5291771810153330E-020
   442.00000000000000        9.9634854456731611E-020   2.4482656559680185E-020
   443.00000000000000        9.0758108512981988E-020   2.3719310060213519E-020
   444.00000000000000        8.2897026459260831E-020   2.2922170972745265E-020
   445.00000000000000        7.5893749710715739E-020   2.2035459569038729E-020
   446.00000000000000        6.9622591088458870E-020   2.1027684815166942E-020
   447.00000000000000        6.3989199831490450E-020   1.9889268869518317E-020
   448.00000000000000        5.8928060808665696E-020   1.8628749003833326E-020
   449.00000000000000        5.4398828869794251E-020   1.7268519451943749E-020
   450.00000000000000        5.0382028486951103E-020   1.5840691330327067E-020
   451.00000000000000        4.6874609348433296E-020   1.4383428250051052E-020
   452.00000000000000        4.3885759196745497E-020   1.2938005017328032E-020
   453.00000000000000        4.1433257347101633E-020   1.1546765815465215E-020
   454.00000000000000        3.9540526520174825E-020   1.0252051345333158E-020
   455.00000000000000        3.8234423947434590E-020   9.0959171163008678E-021
   456.00000000000000        3.7543717230726905E-020   8.1199282304772414E-021
   457.00000000000000        3.7498122744728361E-020   7.3634454634253989E-021
   458.00000000000000        3.8127745979059509E-020   6.8582956568564258E-021
   459.00000000000000        3.9462751630571172E-020   6.6196187811973364E-021
   460.00000000000000        4.1533101348186217E-020   6.6380003382416296E-021
   461.00000000000000        4.4368222459692668E-020   6.8807034014005691E-021
   462.00000000000000        4.7996505432675174E-020   7.3026564901422927E-021
   463.00000000000000        5.2444565779746229E-020   7.8589618928364641E-021
   464.00000000000000        5.7736243504140174E-020   8.5120108843424454E-021
   465.00000000000000        6.3891347339499243E-020   9.2329245479615083E-021
   466.00000000000000        7.0924180566066821E-020   1.0000130090477740E-020
   467.00000000000000        7.8841909563668007E-020   1.0797317919829215E-020
   468.00000000000000        8.7642855419193054E-020   1.1611745066438852E-020
   469.00000000000000        9.7314802844843570E-020   1.2433078169436403E-020
   470.00000000000000        1.0783342921037721E-019   1.3252674350388927E-020
   471.00000000000000        1.1916095922106558E-019   1.4063137280033591E-020
   472.00000000000000        1.3124514708947656E-019   1.4858009761774354E-020
   473.00000000000000        1.4401867740943171E-019   1.5631511156133123E-020
   474.00000000000000        1.5739905813180186E-019   1.6378276409903283E-020
   475.00000000000000        1.7128905445468515E-019   1.7093095678738703E-020
   476.00000000000000        1.8557768225763377E-019   1.7770685291889952E-020
   477.00000000000000        2.0014174595633555E-019   1.8405538630909359E-020
   478.00000000000000        2.1484787108161727E-019   1.8991907183013905E-020
   479.00000000000000        2.2955494969410008E-019   1.9523947862780043E-020
   480.00000000000000        2.4411689018033058E-019   1.9996046037189647E-020
   481.00000000000000        2.5838554487637791E-019   2.0403290477523252E-020
   482.00000000000000        2.7221368132752727E-019   2.0742043755405919E-020
   483.00000000000000        2.8545786664229604E-019   2.1010525854641712E-020
   484.00000000000000        2.9798114882243669E-019   2.1209314594629985E-020
   485.00000000000000        3.0965544233131272E-019   2.1341666254140137E-020
   486.00000000000000        3.2036355461499592E-019   2.1413574131625377E-020
   487.00000000000000        3.3000082225430493E-019   2.1433511098682333E-020
   488.00000000000000        3.3847635616608065E-019   2.1411843014653811E-020
   489.00000000000000        3.4571392139056279E-019   2.1359950235990216E-020
   490.00000000000000        3.5165249589246497E-019   2.1289148673171480E-020
   491.00000000000000        3.5624656297175647E-019   2.1209550240997233E-020
   492.00000000000000        3.5946619308866605E-019   2.1129031919331362E-020
   493.00000000000000        3.6129696413117264E-019   2.1052479884735427E-020
   494.00000000000000        3.6173975636209360E-019   2.0981433702221118E-020
   495.00000000000000        3.6081044209703391E-019   2.0914181314601602E-020
   496.00000000000000        3.5853947344071062E-019   2.0846267745292329E-020
   497.00000000000000        3.5497135682699154E-019   2.0771304678586299E-020
   498.00000000000000        3.5016399281541240E-019   2.0681925233191093E-020
   499.00000000000000        3.4418785496200650E-019   2.0570725696731576E-020
   500.00000000000000        3.3712498307675049E-019   2.0431066732360857E-020
   501.00000000000000        3.2906777339748363E-019   2.0257655154591619E-020
   502.00000000000000        3.2011756000292906E-019   2.0046877883272869E-020
   503.00000000000000        3.1038299648810610E-019   1.9796901135152371E-020
   504.00000000000000        2.9997826261434253E-019   1.9507575616887923E-020
   505.00000000000000        2.8902113542150463E-019   1.9180202617900911E-020
   506.00000000000000        2.7763097650393972E-019   1.8817219181475110E-020
   507.00000000000000        2.6592669558419541E-019   1.8421856310846084E-020
   508.00000000000000        2.5402475447651760E-019   1.7997815368862929E-020
   509.00000000000000        2.4203727486740908E-019   1.7548996598793370E-020
   510.00000000000000        2.3007030839972677E-019   1.7079301461233393E-020
   511.00000000000000        2.1822231906642224E-019   1.6592518206066403E-020
   512.00000000000000        2.0658291689060662E-019   1.6092288507690814E-020
   513.00000000000000        1.9523186938881731E-019   1.5582142744295623E-020
   514.00000000000000        1.8423840445628886E-019   1.5065583231526249E-020
   515.00000000000000        1.7366080601290423E-019   1.4546188993650978E-020
   516.00000000000000        1.6354629273356886E-019   1.4027712894502880E-020
   517.00000000000000        1.5393116093999813E-019   1.3514142392734185E-020
   518.00000000000000        1.4484116549253569E-019   1.3009698906736883E-020
   519.00000000000000        1.3629210731798187E-019   1.2518757762878240E-020
   520.00000000000000        1.2829059290702522E-019   1.2045680900643843E-020
   521.00000000000000        1.2083492947299401E-019   1.1594567707524729E-020
   522.00000000000000        1.1391611919612795E-019   1.1168944830931769E-020
   523.00000000000000        1.0751891680096624E-019   1.0771431784744955E-020
   524.00000000000000        1.0162291638276604E-019   1.0403432383952400E-020
   525.00000000000000        9.6203635722587849E-020   1.0064908050739491E-020
   526.00000000000000        9.1233569179578475E-020   9.7542836142356857E-021
   527.00000000000000        8.6683183542475481E-020   9.4685177409567048E-021
   528.00000000000000        8.2521834911216902E-020   9.2033415660409779E-021
   529.00000000000000        7.8718588724055131E-020   8.9536379767014563E-021
   530.00000000000000        7.5242929394786831E-020   8.7139095572466408E-021
   531.00000000000000        7.2065350600640356E-020   8.4787721615173980E-021
   532.00000000000000        6.9157821950584036E-020   8.2434147794934058E-021
   533.00000000000000        6.6494132417546036E-020   8.0039809659304582E-021
   534.00000000000000        6.4050115359998556E-020   7.7578462217008101E-021
   535.00000000000000        6.1803763998904134E-020   7.5037835153247996E-021
   536.00000000000000        5.9735249670160447E-020   7.2420220684866075E-021
   537.00000000000000        5.7826857878740465E-020   6.9742115464579323E-021
   538.00000000000000        5.6062859017417800E-020   6.7033055255997863E-021
   539.00000000000000        5.4429331512262386E-020   6.4333759939152471E-021
   540.00000000000000        5.2913955111479978E-020   6.1693664269078514E-021
   541.00000000000000        5.1505791097568479E-020   5.9167867127196943E-021
   542.00000000000000        5.0195064485380943E-020   5.6813514439593849E-021
   543.00000000000000        4.8972960926552325E-020   5.4685669307228953E-021
   544.00000000000000        4.7831448261544616E-020   5.2832843740916706E-021
   545.00000000000000        4.6763129647384170E-020   5.1292568150944142E-021
   546.00000000000000        4.5761132144115693E-020   5.0087597175504041E-021
   547.00000000000000        4.4819031752141151E-020   4.9223467836937905E-021
   548.00000000000000        4.3930813313725659E-020   4.8688002469916242E-021
   549.00000000000000        4.3090861545836530E-020   4.8452948243106384E-021
   550.00000000000000        4.2293977837213711E-020   4.8477405649469160E-021
   551.00000000000000        4.1535416356742147E-020   4.8712270696485741E-021
   552.00000000000000        4.0810932479585680E-020   4.9104790449078294E-021
   553.00000000000000        4.0116836504474718E-020   4.9602514674935716E-021
   554.00000000000000        3.9450046045260135E-020   5.0156268579994946E-021
   555.00000000000000        3.8808131248723561E-020   5.0722098329868933E-021
   556.00000000000000        3.8189348024564245E-020   5.1262351414363746E-021
   557.00000000000000        3.7592655675687848E-020   5.1746135383756747E-021
   558.00000000000000        3.7017716594633605E-020   5.2149388451524200E-021
   559.00000000000000        3.6464876961653811E-020   5.2454740265317864E-021
   560.00000000000000        3.5935128570997058E-020   5.2651275022166644E-021
   561.00000000000000        3.5430052968775312E-020   5.2734250506732331E-021
   562.00000000000000        3.4951749968626269E-020   5.2704782445348189E-021
   563.00000000000000        3.4502753295826251E-020   5.2569474379835602E-021
   564.00000000000000        3.4085936586275927E-020   5.2339957192246374E-021
   565.00000000000000        3.3704413235850091E-020   5.2032297262772113E-021
   566.00000000000000        3.3361433670004997E-020   5.1666236485698611E-021
   567.00000000000000        3.3060283503085993E-020   5.1264240336999089E-021
   568.00000000000000        3.2804185806781201E-020   5.0850351721250741E-021
   569.00000000000000        3.2596210336376014E-020   5.0448877893082785E-021
   570.00000000000000        3.2439192102198000E-020   5.0082973181696086E-021
   571.00000000000000        3.2335661152247623E-020   4.9773216513899764E-021
   572.00000000000000        3.2287784879532313E-020   4.9536311557660605E-021
   573.00000000000000        3.2297323610849034E-020   4.9384048589112093E-021
   574.00000000000000        3.2365599696383565E-020   4.9322652502111601E-021
   575.00000000000000        3.2493479821684099E-020   4.9352598516159316E-021
   576.00000000000000        3.2681369821551219E-020   4.9468913083497023E-021
   577.00000000000000        3.2929220901402405E-020   4.9661907419388967E-021
   578.00000000000000        3.3236545873946300E-020   4.9918232946355750E-021
   579.00000000000000        3.3602443801921404E-020   5.0222115398883676E-021
   580.00000000000000        3.4025631302059603E-020   5.0556621831759912E-021
   581.00000000000000        3.4504478708956002E-020   5.0904837347369204E-021
   582.00000000000000        3.5037049315039953E-020   5.1250865371655893E-021
   583.00000000000000        3.5621139986924986E-020   5.1580605439361826E-021
   584.00000000000000        3.6254321599855019E-020   5.1882297296330590E-021
   585.00000000000000        3.6933977920246694E-020   5.2146845474854187E-021
   586.00000000000000        3.7657341790119359E-020   5.2367953708865921E-021
   587.00000000000000        3.8421527714836645E-020   5.2542105161621636E-021
   588.00000000000000        3.9223560215441641E-020   5.2668424804633111E-021
   589.00000000000000        4.0060397567811483E-020   5.2748456733221308E-021
   590.00000000000000        4.0928950802550926E-020   5.2785883605384058E-021
   591.00000000000000        4.1826098072742387E-020   5.2786209100868799E-021
   592.00000000000000        4.2748694703485958E-020   5.2756418236023475E-021
   593.00000000000000        4.3693579411240871E-020   5.2704625148696935E-021
   594.00000000000000        4.4657577317658248E-020   5.2639713993109935E-021
   595.00000000000000        4.5637500478972029E-020   5.2570976116509694E-021
   596.00000000000000        4.6630146706973557E-020   5.2507745849399272E-021
   597.00000000000000        4.7632297471793165E-020   5.2459037989911406E-021
   598.00000000000000        4.8640715652422793E-020   5.2433192163281578E-021
   599.00000000000000        4.9652143841938379E-020   5.2437532230342244E-021
   600.00000000000000        5.0663303825743833E-020   5.2478052139573809E-021
