5 431          # first data record, number of data records
# XS_nm_spectr_geom_hgbrocl_cas1612_vtzp_d05
# without temperature correction
# E[nm] sigma(E)[cm2/molecule]
   170.00000000000000        2.8395000893083159E-017   3.3726985040871189E-018
   171.00000000000000        2.4214425263254281E-017   2.7622637581106225E-018
   172.00000000000000        2.5649899405468949E-017   2.9829728014383186E-018
   173.00000000000000        2.7690785165711875E-017   3.1672687154559373E-018
   174.00000000000000        2.7220770786189685E-017   2.9024257673791491E-018
   175.00000000000000        2.4359095926430703E-017   2.9742030882664995E-018
   176.00000000000000        1.9515269417500940E-017   2.2448736777259494E-018
   177.00000000000000        1.6273161537080484E-017   1.6934216544822338E-018
   178.00000000000000        1.5689023708124566E-017   1.3483842046433542E-018
   179.00000000000000        1.8483358914435075E-017   1.6987550451581305E-018
   180.00000000000000        2.0302922862587835E-017   2.1851315932971468E-018
   181.00000000000000        2.1370286100107917E-017   2.4330597824640820E-018
   182.00000000000000        2.5088268201397800E-017   2.7988271732655583E-018
   183.00000000000000        2.9587619941588357E-017   2.9505876945796446E-018
   184.00000000000000        2.8157935517982113E-017   2.5655081385334408E-018
   185.00000000000000        2.6403441320311448E-017   2.5338854941967007E-018
   186.00000000000000        2.8268286781073828E-017   2.1788291023978394E-018
   187.00000000000000        2.7859754916241583E-017   2.1888656633815270E-018
   188.00000000000000        2.8237217219732683E-017   3.1245671416525475E-018
   189.00000000000000        2.2907673440168188E-017   2.1415613770433893E-018
   190.00000000000000        2.3432596183722939E-017   2.8065697466185476E-018
   191.00000000000000        2.1152582265037378E-017   2.4084620909336987E-018
   192.00000000000000        1.6470940951892067E-017   1.9687896063896605E-018
   193.00000000000000        1.4268406603847410E-017   1.5257478714909302E-018
   194.00000000000000        1.3366257697477014E-017   1.4952088147565855E-018
   195.00000000000000        1.2086572943357275E-017   1.4438020492388590E-018
   196.00000000000000        1.2018352516513333E-017   1.4592572264642697E-018
   197.00000000000000        1.1350706953107301E-017   1.3930076413749474E-018
   198.00000000000000        1.0307793000556810E-017   1.4978673424943074E-018
   199.00000000000000        8.8413183021643518E-018   1.2989480937100647E-018
   200.00000000000000        7.0975957995759097E-018   9.9997858862817370E-019
   201.00000000000000        7.2268568657868362E-018   1.3584564481771872E-018
   202.00000000000000        8.1859771557592298E-018   1.4935162187881370E-018
   203.00000000000000        8.8040745693162434E-018   1.7035409831720924E-018
   204.00000000000000        9.3477990546472354E-018   1.9340962886191030E-018
   205.00000000000000        1.0501610102764494E-017   1.9898425148282813E-018
   206.00000000000000        1.0217880975516101E-017   1.8519118235332373E-018
   207.00000000000000        7.8936039064937289E-018   1.4035602718810982E-018
   208.00000000000000        5.9987568728442674E-018   1.1013523243070010E-018
   209.00000000000000        5.0582020709937563E-018   6.5942823665129145E-019
   210.00000000000000        5.5440027781208611E-018   9.5655530547443534E-019
   211.00000000000000        6.1880147879453773E-018   1.0990122739341312E-018
   212.00000000000000        7.1526444067429844E-018   1.1946318690688615E-018
   213.00000000000000        8.7246201547678228E-018   1.5204404898956471E-018
   214.00000000000000        1.0548743322495511E-017   2.0157071056561335E-018
   215.00000000000000        1.1694365638066447E-017   2.1976681885279673E-018
   216.00000000000000        1.0806326446384315E-017   1.9259763431541265E-018
   217.00000000000000        9.7719929412768356E-018   2.0594570387666443E-018
   218.00000000000000        1.0024869963795844E-017   2.1156143117200478E-018
   219.00000000000000        1.1293189334403094E-017   2.4497811815813497E-018
   220.00000000000000        1.1073691331975971E-017   2.3858726370052356E-018
   221.00000000000000        1.0541810803242262E-017   2.0498697471314652E-018
   222.00000000000000        1.1692042201389091E-017   2.3583353360557897E-018
   223.00000000000000        1.2148626674393117E-017   2.5278406741767654E-018
   224.00000000000000        1.0862023060191892E-017   2.4092061512895879E-018
   225.00000000000000        9.0906390233571047E-018   1.9896302384508584E-018
   226.00000000000000        9.6393426033368243E-018   2.2266887541549465E-018
   227.00000000000000        1.3036546714714139E-017   2.6328935945651264E-018
   228.00000000000000        1.6405874798620458E-017   3.2011809853381784E-018
   229.00000000000000        1.4529846116785440E-017   2.9169349462939479E-018
   230.00000000000000        9.0451847501370226E-018   2.1929240837626186E-018
   231.00000000000000        4.6052501397120968E-018   1.3513070352198491E-018
   232.00000000000000        2.5551649881207180E-018   7.4023780632619588E-019
   233.00000000000000        2.8860342469317214E-018   1.0152249745556963E-018
   234.00000000000000        4.3946381789074468E-018   1.5648386511506696E-018
   235.00000000000000        5.3289627181405512E-018   1.4826366508114442E-018
   236.00000000000000        5.7979376425471679E-018   1.4491218419976716E-018
   237.00000000000000        6.2860215457565886E-018   1.6220078321362989E-018
   238.00000000000000        5.9247566144882189E-018   1.5003849374936075E-018
   239.00000000000000        4.5255136192322389E-018   1.0599273707218667E-018
   240.00000000000000        3.0625298304628696E-018   5.7234826208077024E-019
   241.00000000000000        2.1698175168565725E-018   3.5120191039170935E-019
   242.00000000000000        1.8021842090255153E-018   3.0190551010975514E-019
   243.00000000000000        1.7882631602218806E-018   3.0965229952504396E-019
   244.00000000000000        1.9014763476676410E-018   3.1629199616124805E-019
   245.00000000000000        1.9144847477826755E-018   3.0972834562494967E-019
   246.00000000000000        1.8522648136935536E-018   2.8753520587275737E-019
   247.00000000000000        1.8907236474252487E-018   2.7582069696462952E-019
   248.00000000000000        2.0840305596086060E-018   2.7608267413930108E-019
   249.00000000000000        2.3577612866638728E-018   3.3085601045489993E-019
   250.00000000000000        2.4841546284869303E-018   3.5556221090307117E-019
   251.00000000000000        2.4299007994054126E-018   3.4275720268701545E-019
   252.00000000000000        2.3778656084089169E-018   3.1318286561988053E-019
   253.00000000000000        2.4261906166662554E-018   2.9045760912565782E-019
   254.00000000000000        2.5747774938641018E-018   3.2279508103213535E-019
   255.00000000000000        2.7714244885109247E-018   3.4480868929999294E-019
   256.00000000000000        2.9763605846043790E-018   3.7672879279408292E-019
   257.00000000000000        3.1606069068011365E-018   4.1140965648126585E-019
   258.00000000000000        3.2636579120817767E-018   4.0224925373981275E-019
   259.00000000000000        3.1734014136135783E-018   3.7820788464605850E-019
   260.00000000000000        2.8896692698319660E-018   3.6016652512292210E-019
   261.00000000000000        2.5934741383417308E-018   3.2730827902911604E-019
   262.00000000000000        2.3861228741031728E-018   2.9040506646087103E-019
   263.00000000000000        2.1958208145509770E-018   3.0131876917660139E-019
   264.00000000000000        1.9534327591393859E-018   2.9794381820630149E-019
   265.00000000000000        1.7341317890423326E-018   2.4557998737212081E-019
   266.00000000000000        1.6494924737719220E-018   2.3638891218098482E-019
   267.00000000000000        1.6485577745970937E-018   2.8308686651532729E-019
   268.00000000000000        1.6222713251890789E-018   2.9134203658734341E-019
   269.00000000000000        1.5542329585246272E-018   2.6640400684521716E-019
   270.00000000000000        1.4407282580602193E-018   2.4726861092696285E-019
   271.00000000000000        1.2727112727547901E-018   2.1635706804373614E-019
   272.00000000000000        1.0899512021146954E-018   1.6638103012759673E-019
   273.00000000000000        9.4626923802555668E-019   1.3165728544327818E-019
   274.00000000000000        8.5689604068486001E-019   1.3493604581591329E-019
   275.00000000000000        8.1409972053503994E-019   1.2938954579153822E-019
   276.00000000000000        8.3058994902985660E-019   1.1245895856193535E-019
   277.00000000000000        8.9767375404618001E-019   1.2287642025991271E-019
   278.00000000000000        9.3458482194095829E-019   1.3950981086598998E-019
   279.00000000000000        8.7005652869958167E-019   1.3222286444006377E-019
   280.00000000000000        7.2741538248637317E-019   1.1053685257044561E-019
   281.00000000000000        5.8592848971630355E-019   8.6707378509821399E-020
   282.00000000000000        5.1501561597305689E-019   7.3160745544250294E-020
   283.00000000000000        5.3825652054493444E-019   8.7514993187772610E-020
   284.00000000000000        6.2087861007872760E-019   1.0917195635933733E-019
   285.00000000000000        7.3251213101834802E-019   1.2245385920334510E-019
   286.00000000000000        9.5714321646456127E-019   1.8014620166197958E-019
   287.00000000000000        1.4876047320659765E-018   3.9066390623176782E-019
   288.00000000000000        2.3943463969127613E-018   7.8607856356953560E-019
   289.00000000000000        3.3622764070953652E-018   1.2040731312628253E-018
   290.00000000000000        3.8920433516436058E-018   1.3639281132284820E-018
   291.00000000000000        3.9221618236829500E-018   1.2231328563016694E-018
   292.00000000000000        3.9741457689522430E-018   1.0783205636098978E-018
   293.00000000000000        4.5791860353271544E-018   1.1231819404452343E-018
   294.00000000000000        5.7441580187424087E-018   1.3933457959193475E-018
   295.00000000000000        6.8938654929639453E-018   1.7761447094179092E-018
   296.00000000000000        7.3811146772609541E-018   1.9192280162812320E-018
   297.00000000000000        7.2892987258049662E-018   1.7148700478161765E-018
   298.00000000000000        7.5798966306277533E-018   1.5281907264615646E-018
   299.00000000000000        9.2835110801716557E-018   1.7707957302358646E-018
   300.00000000000000        1.2527291101569830E-017   2.3972039985282134E-018
   301.00000000000000        1.6176330286843612E-017   3.0238505507769319E-018
   302.00000000000000        1.8580636990538039E-017   3.2816001905845198E-018
   303.00000000000000        1.9025815293753355E-017   3.1682734761847609E-018
   304.00000000000000        1.8304837939272053E-017   2.9323986443402058E-018
   305.00000000000000        1.7740305069701731E-017   2.8451408200691075E-018
   306.00000000000000        1.7951647894593602E-017   3.0029706924061687E-018
   307.00000000000000        1.8659657675649933E-017   3.1775801732878653E-018
   308.00000000000000        1.9262271716048187E-017   3.2250916931032528E-018
   309.00000000000000        1.9293420350152468E-017   3.1389652432463723E-018
   310.00000000000000        1.8594640922870852E-017   2.8890555961898478E-018
   311.00000000000000        1.7386940872578985E-017   2.6038766292706176E-018
   312.00000000000000        1.6132168971116816E-017   2.4970295001245481E-018
   313.00000000000000        1.5169934043313502E-017   2.5461704689726805E-018
   314.00000000000000        1.4468430145043926E-017   2.6118417014789132E-018
   315.00000000000000        1.3774423653116593E-017   2.6124766449635491E-018
   316.00000000000000        1.3002870962826946E-017   2.5623063142689535E-018
   317.00000000000000        1.2352831490933409E-017   2.6519058826529493E-018
   318.00000000000000        1.1957889514504841E-017   2.9806727363955761E-018
   319.00000000000000        1.1562437456705265E-017   3.3161246028113316E-018
   320.00000000000000        1.0708375114338491E-017   3.4028470032097282E-018
   321.00000000000000        9.2272768528118862E-018   3.1243433308938518E-018
   322.00000000000000        7.4835235601249463E-018   2.5092289563664349E-018
   323.00000000000000        6.1478837929570625E-018   1.8045867541171189E-018
   324.00000000000000        5.7331631495097829E-018   1.5078528261076776E-018
   325.00000000000000        6.2416604937161333E-018   1.8864329796833460E-018
   326.00000000000000        7.1465176061561319E-018   2.4469090041298685E-018
   327.00000000000000        7.7392949149230272E-018   2.7308663367923520E-018
   328.00000000000000        7.6020734033827080E-018   2.6111816040892190E-018
   329.00000000000000        6.7906166719460643E-018   2.2865130708571008E-018
   330.00000000000000        5.6089950146616865E-018   2.0195503043950498E-018
   331.00000000000000        4.3218492834328363E-018   1.7780371302494983E-018
   332.00000000000000        3.1018932688385191E-018   1.4150395561093178E-018
   333.00000000000000        2.0948965109217520E-018   9.8429930545602224E-019
   334.00000000000000        1.4004225834122896E-018   6.7017194645379510E-019
   335.00000000000000        1.0139223128148145E-018   5.4910742713024348E-019
   336.00000000000000        8.4860876342147127E-019   4.9877927283651846E-019
   337.00000000000000        8.0589646004243442E-019   4.5617876216382282E-019
   338.00000000000000        8.0627636905027294E-019   4.5663970491107174E-019
   339.00000000000000        7.8343947744085021E-019   4.7697415926026471E-019
   340.00000000000000        6.9317726834550706E-019   4.5119157446827490E-019
   341.00000000000000        5.3630498736019819E-019   3.6298972238301924E-019
   342.00000000000000        3.5589841845646062E-019   2.4498784128891374E-019
   343.00000000000000        2.0302011515320723E-019   1.3864546791124266E-019
   344.00000000000000        1.0542008431027486E-019   6.6251713950127217E-020
   345.00000000000000        6.3139454508173057E-020   3.1214609545534176E-020
   346.00000000000000        6.1704994272167590E-020   3.4397242954768182E-020
   347.00000000000000        8.3473767872513665E-020   5.5067027887225905E-020
   348.00000000000000        1.1113909117892550E-019   7.6529180787581693E-020
   349.00000000000000        1.2932764427675490E-019   8.9863593626741428E-020
   350.00000000000000        1.2871876902549586E-019   8.9354476524832444E-020
   351.00000000000000        1.0974891040989528E-019   7.5448482222427975E-020
   352.00000000000000        8.1097960482210370E-020   5.4248749972602374E-020
   353.00000000000000        5.3382784599318275E-020   3.3319220210912184E-020
   354.00000000000000        3.3232374914439323E-020   1.7608593680618154E-020
   355.00000000000000        2.1684065792507715E-020   8.3514115393359305E-021
   356.00000000000000        1.6329929831113738E-020   4.4391224630741014E-021
   357.00000000000000        1.4225462427006278E-020   3.4803219296236994E-021
   358.00000000000000        1.3483562558107536E-020   3.1709731342200789E-021
   359.00000000000000        1.3382576353351427E-020   2.9168464645546815E-021
   360.00000000000000        1.3790444020359479E-020   2.8101020430453669E-021
   361.00000000000000        1.4639645967694710E-020   2.9068811953140528E-021
   362.00000000000000        1.5749076247051354E-020   3.1120083927755428E-021
   363.00000000000000        1.6937562321839292E-020   3.2873807861300631E-021
   364.00000000000000        1.8212715065936795E-020   3.3733210784228042E-021
   365.00000000000000        1.9818262200810391E-020   3.4680877425548428E-021
   366.00000000000000        2.2060199095359534E-020   3.7875449792140639E-021
   367.00000000000000        2.5040058332315573E-020   4.4079347556159597E-021
   368.00000000000000        2.8532374759678899E-020   5.1339569209032712E-021
   369.00000000000000        3.2120011687058521E-020   5.7297107187546468E-021
   370.00000000000000        3.5450870179905593E-020   6.1403764588553200E-021
   371.00000000000000        3.8373834951187852E-020   6.4955903109318571E-021
   372.00000000000000        4.0865271046941776E-020   6.9280384332603683E-021
   373.00000000000000        4.2884251651153933E-020   7.4006939115024205E-021
   374.00000000000000        4.4344859295256248E-020   7.7420992940739586E-021
   375.00000000000000        4.5242214028385176E-020   7.8070615419541261E-021
   376.00000000000000        4.5800638936681853E-020   7.5885772026801477E-021
   377.00000000000000        4.6487829781331414E-020   7.2342862551388394E-021
   378.00000000000000        4.7849789798128100E-020   6.9819918704875665E-021
   379.00000000000000        5.0251604423132685E-020   7.0397672214964634E-021
   380.00000000000000        5.3665760378852873E-020   7.4643886724402452E-021
   381.00000000000000        5.7619342274825188E-020   8.1384651409889524E-021
   382.00000000000000        6.1331818753526751E-020   8.8723517003064702E-021
   383.00000000000000        6.3989825676490091E-020   9.5145603323621848E-021
   384.00000000000000        6.5046416865370329E-020   9.9848690733413418E-021
   385.00000000000000        6.4420207335087447E-020   1.0250745746385735E-020
   386.00000000000000        6.2510094944840173E-020   1.0306034707228458E-020
   387.00000000000000        6.0019010995690970E-020   1.0185878132824501E-020
   388.00000000000000        5.7663789744665515E-020   1.0002356883960133E-020
   389.00000000000000        5.5900566177311333E-020   9.9365201375300162E-021
   390.00000000000000        5.4787713239619187E-020   1.0124319836100613E-020
   391.00000000000000        5.4038198976322812E-020   1.0511939969190806E-020
   392.00000000000000        5.3214697779914131E-020   1.0873147418811029E-020
   393.00000000000000        5.1953744585553687E-020   1.0986480130144740E-020
   394.00000000000000        5.0112670069677943E-020   1.0780045429624543E-020
   395.00000000000000        4.7800798877649599E-020   1.0348673583566559E-020
   396.00000000000000        4.5323205305977848E-020   9.8739656366077436E-021
   397.00000000000000        4.3082342760081283E-020   9.5161498466784646E-021
   398.00000000000000        4.1459774822777401E-020   9.3511378395513145E-021
   399.00000000000000        4.0686453516657802E-020   9.3843512347638132E-021
   400.00000000000000        4.0733345464848924E-020   9.5811058966744783E-021
   401.00000000000000        4.1286387984876755E-020   9.8504857942427291E-021
   402.00000000000000        4.1856314186297145E-020   1.0035668949054331E-020
   403.00000000000000        4.1997621739404590E-020   9.9828030340836084E-021
   404.00000000000000        4.1522351089865259E-020   9.6451683231793657E-021
   405.00000000000000        4.0573094083993732E-020   9.1319943209789339E-021
   406.00000000000000        3.9499692693407265E-020   8.6635449085684688E-021
   407.00000000000000        3.8614569353663271E-020   8.4449932930330667E-021
   408.00000000000000        3.7984981365454411E-020   8.5265358165581659E-021
   409.00000000000000        3.7393743506794265E-020   8.7754631920227317E-021
   410.00000000000000        3.6485078105504694E-020   8.9887056991742867E-021
   411.00000000000000        3.4993940015897668E-020   9.0222757380288222E-021
   412.00000000000000        3.2914174905358178E-020   8.8526243141000146E-021
   413.00000000000000        3.0511462276560623E-020   8.5702976357252010E-021
   414.00000000000000        2.8186748655608456E-020   8.3195914321136733E-021
   415.00000000000000        2.6278126190431601E-020   8.2043385268690210E-021
   416.00000000000000        2.4910268525806183E-020   8.2149793596063347E-021
   417.00000000000000        2.3960131252401470E-020   8.2364201892618302E-021
   418.00000000000000        2.3138608058451104E-020   8.1237373505177715E-021
   419.00000000000000        2.2131533034732793E-020   7.7809984741738236E-021
   420.00000000000000        2.0726330250816981E-020   7.2025043834592424E-021
   421.00000000000000        1.8873509083047706E-020   6.4670738581071053E-021
   422.00000000000000        1.6674400441879654E-020   5.6911322563677445E-021
   423.00000000000000        1.4321298647906330E-020   4.9653775231348512E-021
   424.00000000000000        1.2027467186978950E-020   4.3174674658234506E-021
   425.00000000000000        9.9740813052914006E-021   3.7273787058450385E-021
   426.00000000000000        8.2827610794235788E-021   3.1711173069599796E-021
   427.00000000000000        7.0090130697721126E-021   2.6476145628136453E-021
   428.00000000000000        6.1481044819189640E-021   2.1768149350957587E-021
   429.00000000000000        5.6472457552147660E-021   1.7857051557561769E-021
   430.00000000000000        5.4211337204629550E-021   1.4954120121758225E-021
   431.00000000000000        5.3691989272782075E-021   1.3096709737328177E-021
   432.00000000000000        5.3926309592137151E-021   1.2070055133253332E-021
   433.00000000000000        5.4088297426050673E-021   1.1486839908605143E-021
   434.00000000000000        5.3612115299674222E-021   1.0994597924870869E-021
   435.00000000000000        5.2232708690730831E-021   1.0406785022755522E-021
   436.00000000000000        4.9969886573028853E-021   9.6936350484087923E-022
   437.00000000000000        4.7066267942067711E-021   8.9121302704165699E-022
   438.00000000000000        4.3895036463876830E-021   8.1511919179545747E-022
   439.00000000000000        4.0856323845512863E-021   7.5156545649381314E-022
   440.00000000000000        3.8282818561521147E-021   7.1153666187218842E-022
   441.00000000000000        3.6374856915647626E-021   7.0107472710766349E-022
   442.00000000000000        3.5179546129905123E-021   7.1447871911751090E-022
   443.00000000000000        3.4615789466993401E-021   7.3601754124024724E-022
   444.00000000000000        3.4531101011294801E-021   7.4987223817975966E-022
   445.00000000000000        3.4764830884634695E-021   7.4848862447784496E-022
   446.00000000000000        3.5192746616930841E-021   7.3474617869380268E-022
   447.00000000000000        3.5740104639248667E-021   7.1879713483857427E-022
   448.00000000000000        3.6367395459455640E-021   7.1144538144908634E-022
   449.00000000000000        3.7045252601337398E-021   7.1741428379874592E-022
   450.00000000000000        3.7736571013432956E-021   7.3325604995716926E-022
   451.00000000000000        3.8395479684806773E-021   7.5110658485414622E-022
   452.00000000000000        3.8980616763714689E-021   7.6419762582575988E-022
   453.00000000000000        3.9471403184857650E-021   7.7040330273431795E-022
   454.00000000000000        3.9874985310506819E-021   7.7319197410738308E-022
   455.00000000000000        4.0217833420688416E-021   7.8011844018313843E-022
   456.00000000000000        4.0525457154832550E-021   7.9862094185744212E-022
   457.00000000000000        4.0800862584232674E-021   8.3049862692085468E-022
   458.00000000000000        4.1013352391887434E-021   8.6920258703847649E-022
   459.00000000000000        4.1103765620961942E-021   9.0263472538770949E-022
   460.00000000000000        4.1003658961715418E-021   9.1906233546684452E-022
   461.00000000000000        4.0659319070327446E-021   9.1206671254356301E-022
   462.00000000000000        4.0050499333529902E-021   8.8251549726828190E-022
   463.00000000000000        3.9198312098414360E-021   8.3740659930089196E-022
   464.00000000000000        3.8163160821508796E-021   7.8629846804771196E-022
   465.00000000000000        3.7037438720099058E-021   7.3690783042961516E-022
   466.00000000000000        3.5936748875489810E-021   6.9240002765297356E-022
   467.00000000000000        3.4989227956137404E-021   6.5240348663945685E-022
   468.00000000000000        3.4319278153863110E-021   6.1696595404812175E-022
   469.00000000000000        3.4023070870883141E-021   5.9000881423160712E-022
   470.00000000000000        3.4138730558446761E-021   5.7881358997662796E-022
   471.00000000000000        3.4620731885836017E-021   5.8865423042593199E-022
   472.00000000000000        3.5331022738332568E-021   6.1682722913974778E-022
   473.00000000000000        3.6055822148918157E-021   6.5258124972134972E-022
   474.00000000000000        3.6547828960579933E-021   6.8256547544837353E-022
   475.00000000000000        3.6582982026299391E-021   6.9611925596488214E-022
   476.00000000000000        3.6014166793886213E-021   6.8779169966588351E-022
   477.00000000000000        3.4804693092819862E-021   6.5772712465372949E-022
   478.00000000000000        3.3031734649100294E-021   6.1089481146136227E-022
   479.00000000000000        3.0860752373645253E-021   5.5565691436813682E-022
   480.00000000000000        2.8501465748742154E-021   5.0180479277839189E-022
   481.00000000000000        2.6160503725741057E-021   4.5803219858734120E-022
   482.00000000000000        2.4004368506581066E-021   4.2922354715025835E-022
   483.00000000000000        2.2140368406944828E-021   4.1508310464344686E-022
   484.00000000000000        2.0615825126589120E-021   4.1160695434002862E-022
   485.00000000000000        1.9430147721967125E-021   4.1422819249748514E-022
   486.00000000000000        1.8551980950165371E-021   4.1990529704132852E-022
   487.00000000000000        1.7934580266794323E-021   4.2724451384105967E-022
   488.00000000000000        1.7525591573843572E-021   4.3565251008858515E-022
   489.00000000000000        1.7270857421202361E-021   4.4466075005373041E-022
   490.00000000000000        1.7114400228580440E-021   4.5378957229401886E-022
   491.00000000000000        1.6997718151644388E-021   4.6261688698936411E-022
   492.00000000000000        1.6861030271190098E-021   4.7060850679362857E-022
   493.00000000000000        1.6647636824233243E-021   4.7669672360498550E-022
   494.00000000000000        1.6310806534402019E-021   4.7903043460798116E-022
   495.00000000000000        1.5821216784233623E-021   4.7528821909202086E-022
   496.00000000000000        1.5172412866718296E-021   4.6350482604212188E-022
   497.00000000000000        1.4382184786112333E-021   4.4298720836891835E-022
   498.00000000000000        1.3489009122358138E-021   4.1488048392769771E-022
   499.00000000000000        1.2544304476165183E-021   3.8215871415792560E-022
   500.00000000000000        1.1602607170033354E-021   3.4901439145644809E-022
   501.00000000000000        1.0712389387505315E-021   3.1972546660172078E-022
   502.00000000000000        9.9099053589075217E-022   2.9723649727814140E-022
   503.00000000000000        9.2173184170725903E-022   2.8206857662040168E-022
   504.00000000000000        8.6448758799567675E-022   2.7237180165544662E-022
   505.00000000000000        8.1956020773152158E-022   2.6520425213452666E-022
   506.00000000000000        7.8703054635325408E-022   2.5810551888673894E-022
   507.00000000000000        7.6708245632888467E-022   2.5010247006093486E-022
   508.00000000000000        7.6002644647619297E-022   2.4200320499689218E-022
   509.00000000000000        7.6601772150211665E-022   2.3610226254942575E-022
   510.00000000000000        7.8458007549485690E-022   2.3525749145843536E-022
   511.00000000000000        8.1412217051402492E-022   2.4139874933453495E-022
   512.00000000000000        8.5164477851952478E-022   2.5423615569614541E-022
   513.00000000000000        8.9278495456796647E-022   2.7120689282696027E-022
   514.00000000000000        9.3224375199996734E-022   2.8857659090150339E-022
   515.00000000000000        9.6452926994761923E-022   3.0268566245780260E-022
   516.00000000000000        9.8485143608055176E-022   3.1073955792864317E-022
   517.00000000000000        9.8995690466059764E-022   3.1116608393805100E-022
   518.00000000000000        9.7870451563148637E-022   3.0371946415046546E-022
   519.00000000000000        9.5224810927230704E-022   2.8944627135007609E-022
   520.00000000000000        9.1379244206375826E-022   2.7056070425029618E-022
   521.00000000000000        8.6798959167500000E-022   2.5022132584168165E-022
   522.00000000000000        8.2011932708272985E-022   2.3211980956493310E-022
   523.00000000000000        7.7522953765948654E-022   2.1971955172502598E-022
   524.00000000000000        7.3739890281703838E-022   2.1516418481612580E-022
   525.00000000000000        7.0923448235839892E-022   2.1848668176318702E-022
   526.00000000000000        6.9165131805309924E-022   2.2793835726887616E-022
   527.00000000000000        6.8391990715313349E-022   2.4117613857456017E-022
   528.00000000000000        6.8392513958634260E-022   2.5622363931581255E-022
   529.00000000000000        6.8856213285781489E-022   2.7169926541603732E-022
   530.00000000000000        6.9419652037540314E-022   2.8655171852588611E-022
   531.00000000000000        6.9713005692275513E-022   2.9970582747220616E-022
   532.00000000000000        6.9402750584076994E-022   3.0988217772180578E-022
   533.00000000000000        6.8227192900488165E-022   3.1566709579369636E-022
   534.00000000000000        6.6022208932334607E-022   3.1576217114286614E-022
   535.00000000000000        6.2735095420435305E-022   3.0927809230622003E-022
   536.00000000000000        5.8425250985111629E-022   2.9595354738319351E-022
   537.00000000000000        5.3251759651776696E-022   2.7623572395881331E-022
   538.00000000000000        4.7449713959634680E-022   2.5121563740521612E-022
   539.00000000000000        4.1298881607284791E-022   2.2245099427618820E-022
   540.00000000000000        3.5089555831157605E-022   1.9172869193798859E-022
   541.00000000000000        2.9090727950195642E-022   1.6082145659453161E-022
   542.00000000000000        2.3524964806248363E-022   1.3128327144340291E-022
   543.00000000000000        1.8552776879351127E-022   1.0431141575054704E-022
   544.00000000000000        1.4267271765077653E-022   8.0684331646248891E-023
   545.00000000000000        1.0698014974136803E-022   6.0768503284552618E-023
   546.00000000000000        7.8216762434109474E-023   4.4576832797469264E-023
   547.00000000000000        5.5764286627883302E-023   3.1856515969351157E-023
   548.00000000000000        3.8771691943346555E-023   2.2185408181643768E-023
   549.00000000000000        2.6292526163575880E-023   1.5060551755681776E-023
   550.00000000000000        1.7393099331697182E-023   9.9688273643081124E-024
   551.00000000000000        1.1226038590492993E-023   6.4358022176559039E-024
   552.00000000000000        7.0707934501830308E-024   4.0536107733638464E-024
   553.00000000000000        4.3471328501691714E-024   2.4916473370763808E-024
   554.00000000000000        2.6095604500766054E-024   1.4950616005907231E-024
   555.00000000000000        1.5304466970002593E-024   8.7594945368699665E-025
   556.00000000000000        8.7831591084192681E-025   5.0125486598351544E-025
   557.00000000000000        4.9586976147709091E-025   2.8023130753737983E-025
   558.00000000000000        2.8051812044121293E-025   1.5325867566926633E-025
   559.00000000000000        1.6873322273349132E-025   8.3499412021939652E-026
   560.00000000000000        1.2454928003477413E-025   5.4890056728858349E-026
   561.00000000000000        1.3196420416732476E-025   6.9306521428932469E-026
   562.00000000000000        1.9075718761410905E-025   1.2132906559321650E-025
   563.00000000000000        3.1518799280736812E-025   2.1554516578205624E-025
   564.00000000000000        5.3507303794214786E-025   3.7391374703794408E-025
   565.00000000000000        8.9874704038406656E-025   6.3188793792202534E-025
   566.00000000000000        1.4773557853353935E-024   1.0404554402030730E-024
   567.00000000000000        2.3697584417663574E-024   1.6697338572476670E-024
   568.00000000000000        3.7070565051251799E-024   2.6123392489434736E-024
   569.00000000000000        5.6554596802031681E-024   3.9855138657127085E-024
   570.00000000000000        8.4159333186872408E-024   5.9309357749527098E-024
   571.00000000000000        1.2218962551952114E-023   8.6110586908479496E-024
   572.00000000000000        1.7312938672389168E-023   1.2200942214132417E-023
   573.00000000000000        2.3945224323485325E-023   1.6874914986962677E-023
   574.00000000000000        3.2335925280214070E-023   2.2788094205629526E-023
   575.00000000000000        4.2645731379707944E-023   3.0053723683587377E-023
   576.00000000000000        5.4940715086662041E-023   3.8718367026692939E-023
   577.00000000000000        6.9158413438548776E-023   4.8738004861268141E-023
   578.00000000000000        8.5080523284684290E-023   5.9958792478080518E-023
   579.00000000000000        1.0231777581080206E-022   7.2106400509687811E-023
   580.00000000000000        1.2031178946872922E-022   8.4787320767002352E-023
   581.00000000000000        1.3835687948238057E-022   9.7504236059843920E-023
   582.00000000000000        1.5564210939031241E-022   1.0968565518156489E-022
   583.00000000000000        1.7131071609778906E-022   1.2072779152400492E-022
   584.00000000000000        1.8453099576227556E-022   1.3004451848415360E-022
   585.00000000000000        1.9457041646007470E-022   1.3711959887980466E-022
   586.00000000000000        2.0086363761687654E-022   1.4155462027916781E-022
   587.00000000000000        2.0306555014661236E-022   1.4310637397502338E-022
   588.00000000000000        2.0108238396366919E-022   1.4170877738010147E-022
   589.00000000000000        1.9507702991710350E-022   1.3747662455349102E-022
   590.00000000000000        1.8544842185456077E-022   1.3069105612367930E-022
   591.00000000000000        1.7278844243075147E-022   1.2176918952133482E-022
   592.00000000000000        1.5782271598105890E-022   1.1122239394438303E-022
   593.00000000000000        1.4134337181051495E-022   9.9608906634347989E-023
   594.00000000000000        1.2414220103175032E-022   8.7486726498441675E-023
   595.00000000000000        1.0695166838579398E-022   7.5372043373283628E-023
   596.00000000000000        9.0399289328882406E-023   6.3707086191799612E-023
   597.00000000000000        7.4978395289879311E-023   5.2839520384692092E-023
   598.00000000000000        6.1035770575214642E-023   4.3013735237139390E-023
   599.00000000000000        4.8774468065194058E-023   3.4372828194299984E-023
   600.00000000000000        3.8268575262631838E-023   2.6969010937953507E-023
