21 146          # first data record, number of data records
Structure:	CH2=C(CH3)CHO
Name:	        2-methylpropenal, methacrolein, MACR
Author(Year):	JPL-2006(2006)
Temperature:	298K
Wavelength range:	250-395nm(rec)
Bibliography:

S.P. Sander, R.R. Friedl, D.M. Golden, M.J. Kurylo, G.K. Moortgat, H. Keller-Rudek, P.H. Wine, A.R. Ravishankara, C.E. Kolb, M.J. Molina, B.J. Finlayson-Pitts, R.E. Huie, V.L. Orkin, ÒChemical Kinetics and Photochemical Data for Use in Atmospheric Studies. Evaluation Number 15Ò, JPL Publication 06-2, Jet Propulsion Laboratory, Pasadena, 2006.
Comments:

JPL-2006 recommendation:

250-395 nm, data at 1-nm intervals of

T. Gierczak, J.B. Burkholder, R.K. Talukdar, A. Mellouki, S.B. Barone, and A.R. Ravishankara, "Atmospheric fate of methyl vinyl ketone and methacrolein," J. Photochem. Photobiol. A: Chem. 110, 1-10 (1997).
------------------------------------------------
lambda     sigma (cm^2)
 (nm)		
------------------------------------------------
250    2.07e-21
251    1.94e-21
252    1.87e-21
253    1.80e-21
254    1.78e-21
255    1.77e-21
256    1.80e-21
257    1.80e-21
258    1.86e-21
259    1.93e-21
260    2.01e-21
261    2.11e-21
262    2.24e-21
263    2.41e-21
264    2.63e-21
265    2.83e-21
266    3.05e-21
267    3.33e-21
268    3.63e-21
269    3.98e-21
270    4.36e-21
271    4.79e-21
272    5.20e-21
273    5.67e-21
274    6.16e-21
275    6.73e-21
276    7.32e-21
277    7.93e-21
278    8.63e-21
279    9.36e-21
280    1.01e-20
281    1.09e-20
282    1.18e-20
283    1.26e-20
284    1.35e-20
285    1.45e-20
286    1.56e-20
287    1.67e-20
288    1.79e-20
289    1.90e-20
290    2.03e-20
291    2.16e-20
292    2.28e-20
293    2.39e-20
294    2.52e-20
295    2.68e-20
296    2.85e-20
297    2.99e-20
298    3.13e-20
299    3.26e-20
300    3.44e-20
301    3.61e-20
302    3.76e-20
303    3.91e-20
304    4.04e-20
305    4.19e-20
306    4.40e-20
307    4.58e-20
308    4.71e-20
309    4.81e-20
310    4.92e-20
311    5.13e-20
312    5.35e-20
313    5.50e-20
314    5.61e-20
315    5.70e-20
316    5.87e-20
317    6.04e-20
318    6.19e-20
319    6.28e-20
320    6.27e-20
321    6.18e-20
322    6.21e-20
323    6.34e-20
324    6.58e-20
325    6.74e-20
326    6.73e-20
327    6.68e-20
328    6.83e-20
329    7.07e-20
330    7.15e-20
331    7.16e-20
332    7.03e-20
333    6.69e-20
334    6.41e-20
335    6.08e-20
336    5.97e-20
337    6.25e-20
338    6.38e-20
339    6.37e-20
340    6.24e-20
341    6.02e-20
342    5.98e-20
343    6.58e-20
344    6.79e-20
345    6.53e-20
346    6.11e-20
347    5.63e-20
348    5.22e-20
349    4.55e-20
350    4.16e-20
351    3.85e-20
352    3.89e-20
353    4.35e-20
354    4.31e-20
355    4.14e-20
356    3.62e-20
357    3.53e-20
358    3.46e-20
359    3.81e-20
360    5.05e-20
361    4.28e-20
362    3.61e-20
363    2.86e-20
364    2.68e-20
365    2.33e-20
366    1.92e-20
367    1.62e-20
368    1.40e-20
369    1.31e-20
370    1.42e-20
371    1.67e-20
372    1.53e-20
373    1.43e-20
374    1.08e-20
375    9.77e-21
376    1.00e-21
377    1.07e-20
378    1.35e-20
379    2.18e-20
380    1.30e-20
381    9.84e-21
382    5.55e-21
383    4.56e-21
384    3.64e-21
385    3.31e-21
386    2.46e-21
387    2.05e-21
388    1.81e-21
389    1.61e-21
390    1.47e-21
391    1.56e-21
392    1.59e-21
393    1.53e-21
394    1.49e-21
395    1.23e-21
